1.22356
1.28361
1.16025
1.56683
1.31347
1.27966
1.41783
1.45919
1.06965
1.2212
1.26406
1.5251
1.43498
1.31415
1.0998
1.89892
1.39498
1.11752
1.44996
1.48982
1.10213
1.54179
1.30488
1.28401
0.795777
1.28759
1.50657
1.04109
1.60159
1.13719
1.25112
1.32807
1.32777
1.12317
1.00527
1.36038
1.04882
1.41588
1.5999
1.50313
0.970606
1.06017
1.63667
1.38177
1.04899
1.31941
1.02829
1.70262
1.65709
1.60044
1.33172
1.80234
1.15699
1.40493
1.07244
1.73932
1.07897
1.32475
1.22884
1.52846
1.27237
0.905727
1.25213
1.51105
1.18643
1.82413
1.34964
1.52903
0.936298
1.07313
1.58666
1.47905
1.71352
1.32971
1.27491
1.28443
1.52126
1.13094
1.66873
0.857501
1.10889
1.70637
1.00519
1.4715
1.38025
1.19945
1.57163
1.19898
1.41188
1.30451
1.12595
1.57539
1.34194
1.52077
1.00672
1.28201
1.148
1.27364
1.23535
1.26644
0.886746
1.22568
0.985571
1.33414
1.6421
1.24784
1.08635
1.3024
1.47748
0.724592
1.60048
0.954468
1.16987
1.19551
1.43209
1.42566
1.15391
1.47304
0.954234
1.04773
0.836973
1.32695
1.33104
1.35963
1.31362
1.13486
1.14487
1.39622
0.68892
1.28852
0.97368
1.37649
1.4825
1.39531
1.23933
1.25036
1.503
1.49221
1.03187
0.905726
1.44527
1.25542
1.36306
1.14064
1.62071
1.08823
1.57133
1.21042
0.898604
1.64161
1.05852
1.16469
1.13127
1.0862
0.993002
1.30896
1.1253
1.08328
0.991334
1.22134
1.23295
1.7827
1.21855
1.38076
1.28743
1.31045
1.2492
1.12931
0.811643
1.55683
1.30863
1.42992
1.19658
1.39907
0.903822
1.15343
1.12665
1.02278
1.21102
1.37502
1.28207
1.32533
1.41747
1.32967
1.64174
1.33644
1.6302
1.24155
1.21474
1.15597
1.31364
1.25849
0.926225
1.44919
1.21969
1.37712
0.924597
1.27651
1.08471
1.20552
1.30894
1.02478
0.986781
1.18103
1.29311
1.21452
1.24644
1.33045
1.32558
1.29813
1.19951
1.21783
1.35324
1.2232
1.02241
1.33961
1.04634
1.04337
1.41924
1.1293
1.18707
1.00274
1.02873
0.981871
1.21641
1.25407
1.11954
1.50281
1.05807
0.88199
1.21486
1.28613
1.44993
0.73574
1.03169
0.833237
1.30118
1.1854
0.897264
1.17762
0.982322
1.16919
1.3757
1.04915
0.978185
1.30673
1.37016
0.92126
1.43094
1.36049
1.3283
0.895084
1.03848
1.27523
1.27351
1.03986
0.691513
1.0008
0.82103
1.15449
1.04813
0.880079
0.640491
1.33129
1.45854
1.52396
1.22874
1.39919
1.71918
1.1428
1.09207
1.14506
1.24213
1.05523
1.02039
1.10394
1.4546
1.34262
1.32089
1.35081
1.62994
1.54793
1.08806
1.41747
0.945305
0.885717
1.27221
1.20741
0.848183
0.947612
1.25503
1.5155
1.09302
1.34233
1.01951
1.22003
1.30657
1.32006
1.04031
1.41158
1.36955
1.08391
0.989172
1.18432
1.04143
1.16044
1.30287
1.25536
1.55325
1.275
1.32812
0.742663
0.945763
0.894553
1.03303
1.05718
0.819327
0.99183
0.828619
1.32109
1.42051
1.18135
1.30786
1.26693
1.17315
1.45761
1.48776
1.13975
1.14737
1.30117
1.31402
1.10247
0.927706
1.58475
1.22945
0.854536
1.31999
1.42021
1.28101
1.4779
1.3186
1.02832
1.48308
0.927155
1.31866
0.721326
1.51614
0.983674
1.24627
1.185
1.20173
0.925577
1.08351
1.01767
1.75437
1.48929
1.49021
1.10428
1.40768
0.746793
1.27198
1.06887
1.09826
1.40686
0.928837
1.13144
1.38959
1.18421
0.9758
1.01465
0.949665
1.04943
1.05555
1.1074
1.19745
1.12907
1.28061
1.44608
1.11381
1.48904
1.10739
1.19541
1.62537
1.61245
1.155
0.732795
1.25907
0.883718
1.5523
0.993036
1.42137
1.26373
1.41522
0.692159
1.63019
1.33262
0.991301
1.06556
1.38473
1.22628
1.31007
1.40196
1.01959
1.63727
1.18608
1.27569
1.0168
0.711764
1.06293
1.19712
1.17768
1.33759
1.01667
0.898888
1.43812
1.66365
1.45634
0.993864
1.78578
1.39833
1.47055
1.28199
1.44745
1.08131
1.31287
1.02937
1.06461
1.23392
1.45029
1.0726
1.14341
1.38781
1.70153
1.14067
1.07603
1.36909
1.5332
1.4723
1.31994
1.25015
0.953938
1.50016
0.924071
0.966398
1.40171
0.883704
0.869735
0.947339
1.11657
1.34091
1.38659
1.0206
1.18883
1.34611
1.45394
1.41435
1.04358
1.05059
1.12735
1.27277
1.28174
1.3162
0.667292
0.98927
1.081
1.24052
1.05231
1.3519
1.06649
1.24935
1.46698
1.56683
1.16933
1.51705
1.50757
1.19611
1.47436
1.46889
1.25526
0.537851
1.18761
1.47099
1.28269
1.37231
1.12602
1.33241
1.3215
1.2069
1.05148
1.15463
1.45722
0.924922
1.48656
1.28497
1.70509
1.21418
1.07797
1.63262
1.10693
1.18391
1.04532
1.51719
1.04163
1.32433
1.22172
1.19052
1.18433
1.35111
0.930016
1.05643
1.11493
1.60109
0.941244
1.5128
1.13999
1.24538
1.287
0.873838
1.54925
1.28576
0.83292
0.987227
1.11977
1.50514
1.31525
1.65115
1.28961
1.56231
1.38745
1.12726
1.04174
1.5069
1.06096
1.00291
1.36372
1.27159
1.32492
1.62645
1.47177
1.50194
1.49514
1.2296
1.27377
1.63036
1.3004
1.40873
1.10018
1.20033
1.31076
1.49746
1.1792
1.23843
1.47191
1.7514
1.49927
1.29264
1.19124
1.39849
1.38855
1.05282
1.44846
1.53076
1.51326
1.70704
1.06859
1.2898
1.33273
1.27411
1.23611
0.897937
1.17372
1.30335
1.32579
1.32459
1.11673
1.56902
1.14617
1.02419
1.31379
1.13799
0.887226
1.25875
0.749281
0.699225
1.14601
1.36814
0.940216
1.38874
1.52227
0.986263
1.15588
0.914895
1.27538
1.18444
1.25893
1.38173
0.915828
0.750335
1.51186
1.46694
1.27371
1.49103
1.09303
1.10551
0.97015
1.2356
0.936069
1.27973
0.858341
0.695804
1.1092
1.55675
1.28784
0.950664
0.707415
0.989967
1.15451
1.12214
1.26917
1.12767
0.962895
0.827612
1.65307
1.37895
1.19809
1.10561
1.2408
1.16257
1.2385
1.1939
0.845093
1.09605
1.08584
1.29806
1.12481
1.21849
1.44464
0.737165
1.23855
1.66206
1.29764
1.23885
1.13944
1.16165
1.18374
1.24977
1.30921
1.15794
1.25858
1.09254
1.20131
1.50868
1.39046
1.43446
1.25282
0.888649
1.03401
1.57383
0.664196
1.56631
1.2698
1.15917
1.22856
1.43746
1.12744
1.01276
1.08019
1.09714
0.818702
1.03403
1.08101
1.30581
1.05532
1.36645
1.18661
0.979227
1.46471
1.14888
1.25323
1.79984
1.23402
0.983933
1.35456
1.07783
0.820064
1.52085
1.39728
1.31057
0.938456
0.983503
1.00196
1.09759
1.40424
1.42161
1.18696
1.58635
1.29781
1.45535
1.00224
0.978121
1.1583
1.01506
1.36003
1.0186
0.956575
1.07647
1.30572
0.998463
1.16838
1.13712
1.42369
0.82121
1.60978
0.936877
1.33587
1.39327
1.38398
0.891801
1.4642
1.28048
1.42296
1.33651
1.28948
1.54897
1.41324
1.43424
1.09678
1.04667
1.31862
1.28986
1.32367
1.40273
1.11025
1.16009
1.61825
1.74196
1.01431
1.42589
1.61368
1.43465
0.999135
1.56797
1.25224
1.47063
1.44321
1.48558
1.09496
1.352
1.21744
1.16774
1.43683
1.57599
1.04099
1.34133
1.10866
1.1894
1.5651
1.47632
1.23162
1.1512
1.17916
1.26797
1.15061
1.74089
1.36811
1.13512
0.700464
0.984601
1.18171
1.16498
1.27869
1.21086
0.948879
1.5198
0.924152
1.14239
1.03464
0.94009
1.01451
1.0465
0.933116
1.22068
0.861675
1.05521
1.30093
1.24617
1.20224
0.913268
1.41205
0.993657
1.1584
0.843476
1.17353
0.96061
1.17256
0.876325
0.86135
0.937255
1.1049
1.18008
0.870169
1.32038
1.32285
1.04663
0.765958
1.39522
1.30945
0.912965
0.953556
1.11472
1.08655
1.3936
1.09874
0.906937
1.10591
0.986451
1.13182
0.831142
1.23223
1.33501
1.15616
1.05326
1.1814
1.02038
1.24669
1.21623
1.10225
0.716797
0.964296
1.30767
1.0834
1.2014
0.835753
1.1723
1.13176
1.24535
1.37787
1.22934
1.03006
1.10185
1.29074
1.20054
1.24657
1.16857
1.01579
0.864706
1.43175
1.4476
1.19303
0.593374
0.879716
1.16529
1.21158
1.06845
1.21071
1.00312
1.38139
1.32408
1.4361
1.04463
1.40963
1.45483
1.49317
0.906386
0.95026
1.13441
1.4044
1.42527
1.35768
1.39311
1.10723
1.35285
1.2584
1.2982
1.23983
0.723062
1.07892
1.34454
0.970034
1.21449
1.07353
1.09011
1.0139
1.35127
1.4391
1.19186
1.15093
1.10491
1.03882
1.48247
1.3603
1.29241
0.9985
1.42495
1.49728
1.12577
1.34678
1.54708
1.0551
1.11879
1.36041
1.26312
1.09925
1.50224
1.11618
1.31896
1.56425
1.14994
1.37749
1.45316
1.16746
1.38096
1.46322
1.01742
1.23626
0.904925
1.36859
1.70063
1.29356
1.65769
1.01916
0.890675
1.41366
1.24125
1.43627
1.38296
1.48245
1.58866
1.23342
1.35339
1.41268
1.203
1.54238
1.29507
1.19939
1.01449
1.18897
1.21814
0.988746
1.56546
1.00284
1.56319
1.35336
1.11241
1.18491
0.921282
1.10962
1.50811
0.840562
1.60983
1.54696
0.892535
0.987305
0.709251
0.889303
1.12444
1.25895
1.40423
1.0111
0.742005
1.43621
1.32103
1.16527
1.34581
0.927683
1.29372
1.26916
1.34788
1.20773
1.21197
0.921175
0.855021
0.917966
1.67366
1.04062
1.03616
0.821853
0.911465
1.30927
1.18226
1.47483
1.01815
1.2433
1.13366
1.37592
1.62358
1.58268
1.33086
1.21805
1.12397
1.23254
0.961287
1.16859
1.20295
1.09698
1.39702
1.22473
0.998021
1.35911
1.04651
1.12018
1.65536
1.29731
1.33721
1.12365
1.12386
1.37467
1.15199
1.49634
1.1832
0.927636
1.152
1.03465
1.53339
1.44745
1.28284
1.23704
1.0035
1.32718
1.61609
0.85081
1.29502
1.57467
1.1714
1.17802
1.40351
0.943255
0.744064
1.33074
1.24528
1.34525
0.85316
1.16965
1.17849
1.31304
0.996418
1.04445
1.31178
1.59362
0.934932
1.25025
1.02114
1.07258
1.08512
1.07711
1.39891
0.858645
0.542318
1.15869
1.0887
0.932776
1.53335
1.1423
1.44674
0.990864
1.53687
0.92848
1.25706
1.02193
0.846858
1.02678
1.34014
0.959164
1.08079
0.942341
1.17447
1.18126
0.750184
1.40477
1.04161
1.16842
0.866104
1.53326
1.5531
1.14285
1.10915
1.25853
0.869869
1.57951
1.03293
0.919632
1.15846
1.10231
1.26098
0.923356
1.08871
1.27657
1.20049
1.20785
1.43115
1.28093
1.0073
1.16337
1.2595
0.924026
1.23046
0.97753
0.995477
1.11345
1.20611
0.981372
1.31661
1.3561
1.23482
1.18112
0.694905
0.997351
1.37821
0.93863
1.21901
1.22911
1.01026
1.02405
1.40247
1.51016
1.18047
0.975726
0.994623
1.03107
0.921338
1.26716
1.18417
1.698
1.01337
1.47499
0.978992
1.15627
1.63738
0.979489
1.28987
0.854507
0.974744
0.797624
1.26165
1.29105
1.41149
1.19078
1.2111
0.987382
1.37129
0.834448
1.38407
1.13996
1.32465
1.48279
1.23242
1.30789
1.01888
1.55736
1.34282
0.97349
0.744344
1.28194
1.30044
1.24947
1.3483
1.60238
0.995376
1.32852
1.28848
1.13836
1.46497
1.16256
1.32096
1.26554
1.03896
1.07607
1.19493
1.11881
1.07367
1.05328
1.33849
1.12654
1.7699
1.26985
1.16587
1.37246
1.22932
1.42601
1.36156
0.708673
1.24733
1.1287
1.60841
1.28926
1.45346
0.730522
1.31078
1.14484
1.20992
1.36837
1.08245
1.42497
1.43427
1.56547
1.24336
1.59562
1.49047
1.50266
1.19314
1.43336
1.06712
1.32299
1.09108
1.0425
1.37466
1.11574
1.40085
1.09969
1.32519
1.53411
1.63606
1.38565
1.51001
1.4459
1.2424
1.47862
1.42587
1.68347
1.22734
1.10185
0.784994
1.12696
1.16287
1.51538
1.2703
1.72287
1.40032
1.50952
1.40339
1.51015
1.60141
1.03533
1.35742
1.09139
1.23912
1.42474
1.45212
1.31255
1.35965
1.19635
1.62622
1.15634
1.53471
1.19727
1.29719
1.42441
1.18379
0.996758
1.19214
1.09605
1.76222
1.37855
1.58829
1.6357
1.56132
1.64161
1.1077
1.35588
1.3731
1.58965
1.43116
1.18597
1.3092
0.808518
1.55847
1.56471
1.31246
1.74849
1.01779
1.18312
1.26445
1.65374
1.20041
1.15135
1.42068
1.36183
1.55575
1.12784
1.20309
0.843087
1.40829
1.30961
0.906398
1.23539
0.88965
1.1077
1.8785
1.61727
1.29343
1.08232
1.38865
1.26333
1.43896
1.36326
1.46176
1.20162
1.16086
0.88087
0.696271
1.01697
1.22878
0.892765
1.25593
0.806429
1.05153
1.26039
1.27575
1.154
1.3671
1.2666
1.15592
1.05798
1.16627
1.21678
1.51432
1.22125
0.69359
1.1763
1.40558
1.16362
1.21663
0.949141
0.993573
1.01268
1.34562
1.13144
1.30779
0.872078
1.19796
1.16911
1.29019
1.59537
1.08817
1.12431
0.849703
0.852543
0.877583
1.13221
1.23025
0.711633
1.12477
1.28055
0.921913
1.57426
1.08777
1.01251
1.63989
1.30007
1.13939
1.07213
0.912039
1.55095
1.07206
1.16057
1.05794
0.933961
1.08907
0.725392
1.18577
1.46487
1.17093
0.891183
0.925239
0.787701
1.45021
1.07908
1.5131
1.38031
1.54887
1.2755
1.234
0.952131
1.03504
1.274
1.09544
1.2876
0.918665
1.35143
1.08604
1.88229
1.79383
1.48432
1.64085
1.83506
1.19932
1.20632
1.35059
1.65995
1.22643
1.5866
1.50308
0.964623
1.63436
1.49127
1.098
1.14925
1.56335
1.1001
1.49604
1.51136
1.39476
1.7016
1.49402
1.67751
1.27211
1.19795
1.87452
1.40249
1.1334
1.06199
1.60783
1.28393
1.67737
1.74073
1.43568
1.49299
1.25095
1.61149
1.30732
1.84017
1.08275
1.08333
0.869625
1.40409
1.12695
0.97349
1.57411
1.60715
1.37295
1.72892
1.36123
1.42682
1.22989
0.996136
1.42053
1.60451
1.63767
1.27351
0.920159
1.66996
1.30456
1.39778
1.34485
1.09819
1.29814
1.8148
1.09424
1.32566
1.74814
1.43123
1.8348
1.3117
1.54304
1.37739
1.45237
1.72246
1.51199
1.28683
0.873783
1.27638
1.58617
1.62161
0.99162
1.45334
1.7394
1.09833
1.20972
1.60291
1.16772
1.03102
1.38409
1.66925
1.34302
1.16945
1.64173
1.09863
1.58873
1.27154
1.50485
1.25898
1.44047
1.57838
1.47267
1.45945
1.54275
1.12652
1.33196
1.33264
1.40302
1.15463
1.29332
1.63001
1.33928
1.66096
1.29195
1.31584
1.08724
1.11991
1.50264
1.00824
1.5177
1.5808
0.895604
1.43687
1.51253
1.56582
1.27207
1.36273
1.533
1.30711
1.82383
1.50997
1.14847
1.48227
1.04859
1.57804
1.75434
1.39687
1.49012
1.27451
1.92104
1.52572
1.40315
1.30384
1.51955
1.12517
1.61417
1.71174
1.02198
1.78619
1.348
1.45394
1.76789
1.93002
1.3609
1.80426
1.30986
1.38832
1.36811
1.66919
1.29004
1.23357
1.56927
1.60711
1.49365
1.67987
1.47635
0.980644
0.967739
1.09116
1.31919
1.21783
0.791652
0.888771
1.26861
1.25219
1.23932
1.44822
1.38692
1.55103
1.24751
1.57936
1.41856
1.17554
1.08435
1.14661
0.726883
1.54607
0.993207
0.825379
1.09096
1.06934
1.15418
1.1963
1.64698
1.28032
1.48749
0.886872
1.42886
1.4933
1.61648
1.29353
1.12465
1.00408
1.36558
1.19331
1.20903
1.64537
1.18539
1.2544
1.0966
0.932597
1.34298
1.15217
1.18208
1.3999
1.46175
1.38853
1.57994
1.28364
0.889053
1.31351
1.4761
1.60082
1.10484
1.06435
1.0159
1.54609
1.26712
1.19645
1.27122
1.13507
1.43292
1.26416
1.27699
1.07274
1.46456
1.35182
1.20453
1.36359
1.29005
1.13446
0.974929
1.37419
1.36304
0.910121
1.00359
1.4831
1.0484
1.21535
1.65127
1.36223
1.61899
1.18184
1.06398
1.57499
1.59469
1.36247
1.73709
1.24524
1.44986
1.06527
1.4895
1.20797
1.32257
1.23143
0.849134
1.61884
1.52096
1.29351
1.36237
1.34389
1.19502
1.20448
1.53518
1.12908
1.13444
1.39972
1.43144
1.45502
1.66971
1.87565
1.32477
1.3913
1.20215
1.30222
1.03947
1.25263
1.36517
1.10725
1.42923
1.23103
1.24839
1.37398
1.04921
1.38838
1.85883
1.41356
1.35792
1.00592
1.58422
1.8777
1.36741
1.49055
1.18515
0.810873
1.52835
0.951479
1.66403
1.63378
1.33927
1.5053
0.950076
1.00542
1.70972
1.33233
1.71775
1.5119
1.6295
1.51002
1.32353
1.18562
0.921075
1.59706
1.33688
1.45464
1.38637
1.30836
1.42348
0.830876
1.29333
1.07383
1.14755
0.861563
1.03406
1.36257
1.07414
1.33113
1.3685
1.12748
1.21502
1.04239
1.21979
1.183
1.21152
0.714831
0.978085
0.978216
1.43068
0.772946
1.06431
0.974071
0.694372
1.26773
1.29245
1.34992
1.23207
1.10503
1.03531
1.22104
1.42287
1.45916
1.11936
0.984871
1.0983
0.934017
1.06434
1.19041
1.23478
0.739275
1.33071
1.2029
1.15454
1.5086
1.06619
0.952319
1.62705
1.1361
1.39311
1.04593
1.06696
1.33978
0.613986
1.51332
1.19794
0.719213
1.0151
0.975696
1.391
1.56992
1.47871
1.04758
1.07831
1.04327
1.43857
1.14237
1.32712
1.46625
1.25184
1.12674
1.4704
1.04444
0.841717
1.20935
1.15916
1.47272
1.11707
1.03191
1.31212
1.39819
1.15628
1.37598
1.10015
1.04578
1.00236
0.860809
1.17447
1.15812
1.09204
1.62272
1.41964
1.54087
1.33151
1.19524
1.22897
1.10657
1.12774
1.18224
0.62103
1.21985
1.30778
0.842036
1.2344
1.24963
1.52905
0.991338
1.48833
1.10021
0.849522
1.63466
1.57583
1.19753
1.31278
1.18206
1.28652
0.992352
1.42179
1.51906
1.22071
1.45077
1.20857
0.820445
1.16973
1.4515
0.900005
1.37707
1.02588
1.30468
1.50481
1.4293
1.32064
1.21872
1.62309
1.25334
0.650855
1.38549
1.01823
1.23783
1.52957
1.25578
1.07905
1.31248
1.33779
1.31815
1.45718
1.22093
1.44958
1.32813
0.976858
1.18061
1.28107
1.15432
1.29383
1.2492
1.57807
1.11833
1.29954
1.39772
1.16537
1.01494
1.23816
0.919732
1.20473
1.16904
0.773949
1.26526
1.28768
1.13836
1.44442
1.36754
1.31403
1.37923
1.34775
1.27702
0.815111
1.69115
1.36456
0.924584
0.67188
1.60195
1.44023
0.79047
1.56739
1.43861
1.35618
1.49585
1.4968
1.32123
1.53059
1.26412
1.3015
0.944086
1.64691
0.981627
1.24771
1.11139
1.33229
1.09276
1.0994
1.11508
1.68569
1.42121
1.5194
1.15289
1.49326
1.09145
1.24438
0.900124
1.0274
1.4417
1.20775
1.22539
1.49975
0.993035
1.16578
1.2945
0.842846
1.06892
1.38545
1.12551
1.57585
1.4081
1.06358
1.24052
1.43469
1.26387
1.0927
1.39359
1.49401
1.39958
1.15752
0.953365
1.35478
0.771833
1.46291
0.821836
1.08331
1.23541
1.24556
1.29492
1.01325
0.867578
1.27588
1.55705
1.26911
1.01883
1.62079
1.20245
1.57677
1.38188
1.26687
1.37067
1.13851
1.10637
1.25735
1.18604
1.3859
0.93077
1.21555
1.01161
1.60769
0.829367
1.22679
1.14814
1.47154
1.50778
1.20172
1.45464
1.00807
1.23092
0.649291
0.892434
1.13704
0.712103
0.759397
1.12923
0.938996
1.41225
1.38763
0.869586
1.36368
1.15035
1.34255
1.26423
0.997491
1.40818
1.05505
1.28265
0.943367
1.2178
0.867244
0.928641
0.795019
1.37415
1.02715
1.00421
1.12115
0.964244
1.63194
1.52543
1.54512
1.48085
1.659
1.25503
1.33877
1.24765
1.26762
0.902705
1.02867
1.37402
1.28769
1.5877
0.989523
1.21477
1.28761
1.2953
1.10949
1.24189
1.28684
1.52345
0.971884
1.21477
1.27924
1.16844
1.12951
1.18546
1.44168
1.27841
1.32699
1.27242
0.780407
1.03743
1.50296
1.23707
1.16165
1.18895
1.56299
1.40831
1.44874
1.37395
0.977948
1.63357
0.984243
1.37844
1.20187
1.28295
1.1215
1.15787
1.23049
1.13252
0.819923
1.04702
1.19389
1.73798
1.26847
1.47125
1.18555
1.27044
1.3635
1.34391
1.27295
1.11946
1.15373
1.64447
1.44569
1.36694
0.961811
1.24743
1.33187
0.980757
1.34197
1.23897
1.4204
1.39983
1.36655
1.56453
1.65032
1.29286
1.61827
1.27363
1.36045
1.42643
1.4783
1.06829
0.953362
1.40828
1.35303
1.24528
1.38881
0.886653
1.16567
1.3015
1.31478
1.69587
1.43118
1.46011
1.02868
1.36848
1.20621
1.32769
1.11109
0.812996
1.03945
1.47133
1.09343
1.0739
1.05061
1.13307
1.11756
1.19846
1.43792
1.24459
1.34732
1.07311
1.52483
1.3038
1.62625
1.08132
1.09776
0.695521
1.26197
1.22294
1.17289
1.52614
0.963127
1.20057
1.17486
1.03395
1.65524
1.12203
1.36262
1.63729
1.56015
1.09633
1.31055
1.29893
1.13916
1.18341
1.08975
1.46248
1.00401
1.26215
0.765485
1.5461
1.42427
1.30876
0.973162
0.886425
0.930773
1.18869
1.14568
1.36742
1.28226
1.48371
1.34937
1.39243
1.4209
1.28426
1.21031
1.22459
1.2331
0.843427
1.1642
1.49532
1.09748
1.15002
0.843224
1.44107
0.885514
1.30243
1.08569
1.35859
0.885283
0.94124
0.959789
0.747226
0.958516
1.42251
1.01883
0.839385
0.783959
1.19995
1.21131
0.65838
1.3661
0.750847
1.37049
1.09547
1.46819
1.43528
1.35674
1.05076
1.19093
0.835484
1.57121
0.923957
1.01189
1.08686
1.22606
1.23288
0.769329
0.997468
1.22444
1.05943
1.37897
1.31319
1.27881
0.866102
1.02051
1.30836
0.994579
1.33755
1.09276
1.03114
1.00322
1.24933
0.92538
1.44186
1.07201
1.08452
1.32299
0.672646
1.19324
1.28066
0.812224
1.17287
1.15757
0.939869
0.970789
1.20699
1.4062
1.05508
1.14066
0.908364
1.04268
0.7741
1.09125
1.10806
0.805285
1.01453
1.22833
1.22958
1.59407
1.57671
1.38255
1.33482
1.34302
1.6165
1.15128
1.2417
1.04877
1.13227
1.27282
1.31052
1.4091
1.35859
0.994067
1.59017
1.08437
1.65798
1.42956
1.02699
1.24698
1.45367
0.895403
1.34226
1.00186
1.66867
1.19276
1.61195
1.54306
1.55127
1.42194
1.13101
1.02603
1.52893
1.69318
1.47263
0.942936
1.25038
0.672676
1.58608
1.5054
1.15333
1.65444
1.22083
1.24864
1.19642
1.60142
1.12118
1.04915
1.16756
1.18737
1.22996
1.33591
1.39118
0.741615
1.48612
1.31904
0.971704
1.3625
0.846203
0.954487
1.80481
1.71008
1.35752
0.925134
1.46429
1.04024
1.52153
1.30888
0.977909
1.14901
1.20044
1.49924
1.40573
1.51764
1.25226
1.2257
1.26904
1.38738
1.11873
1.04325
0.665835
1.21607
1.26722
1.28162
1.45289
0.922118
1.54856
1.26296
1.477
1.31282
0.979829
1.47951
1.27621
1.04623
1.28113
1.14677
1.60352
1.04585
1.44838
1.28794
1.27662
1.37095
1.03553
1.18072
1.41958
1.67213
1.17474
0.990593
0.962261
1.16496
1.36207
1.33262
1.06184
1.13361
1.45873
1.06325
1.04368
1.29167
1.17692
0.966851
1.35121
1.35767
1.23305
1.33464
1.38504
1.1511
1.54275
1.14578
1.2935
1.13956
0.690578
1.33695
1.70064
1.45711
1.14921
0.906017
1.64365
1.2665
1.4252
1.19376
1.2223
1.23817
1.355
1.26182
1.59878
1.20287
1.34205
1.44888
1.17832
1.15926
1.29313
1.15164
1.10205
1.05501
1.54124
1.16358
0.791622
1.30658
1.27343
1.2861
1.38632
1.19609
1.50723
1.49326
1.20887
1.37643
0.838894
1.6752
0.539643
1.11072
1.09571
1.23263
0.996999
0.839523
0.898656
1.20137
1.45366
1.2626
0.981739
1.24399
0.960981
1.18707
1.13259
1.24073
1.47118
1.04911
0.836575
1.23906
1.12673
0.909525
0.961096
0.930961
0.652954
1.3992
0.920135
1.33223
1.39864
1.29951
1.1853
1.32974
1.30993
0.967778
1.10222
1.48399
1.27261
1.05357
0.868626
1.33618
0.99263
1.52219
0.632127
1.12954
1.18407
1.74324
1.24774
1.47914
1.45901
1.60452
1.40796
1.37189
1.26024
1.42686
1.19784
1.2201
1.24815
1.37527
1.39807
1.45648
1.38337
1.3671
1.40562
0.827372
1.28593
1.374
1.1346
1.5442
1.62399
1.29847
1.17573
1.56285
1.36023
1.61384
1.46112
1.37152
1.1466
1.42628
1.53872
1.14084
1.01369
0.807289
1.40191
1.7201
1.27166
1.48246
1.67927
1.89529
1.22891
1.49606
1.30586
1.59058
0.890158
1.20846
1.3692
1.45193
1.7325
1.71656
1.47477
1.54012
1.69841
1.33387
1.47183
0.900397
1.01052
1.2422
1.51455
1.29575
1.0766
1.49509
1.41873
1.52708
1.20822
1.22421
1.55099
1.04731
1.08852
1.05073
1.12627
0.957753
1.2248
1.47978
1.22092
1.14466
0.96513
1.05437
1.60677
1.05949
1.54214
0.620909
1.50675
1.36432
1.30904
1.45901
1.20334
1.05329
1.3184
1.45554
1.56119
1.24724
1.51697
1.06413
1.6063
1.72652
1.17676
1.36909
1.39631
1.31012
1.45703
1.37643
0.974763
1.08138
1.1717
1.45735
1.41071
1.52298
1.63466
0.97634
1.15362
1.55663
1.46197
1.44499
1.35412
1.5623
1.5645
1.30539
1.52842
1.39654
0.922711
1.493
1.19064
0.751636
0.763231
1.23496
1.43785
1.22508
1.53814
0.935148
1.35397
1.19634
1.22629
1.22405
1.26947
0.791055
1.0686
1.35969
1.20975
1.18935
1.44924
1.54137
1.63903
0.965262
0.750653
1.40553
1.35005
1.32477
1.00669
1.49251
1.03222
1.48517
1.52107
0.889799
1.38015
0.968102
1.4054
1.46501
1.14092
1.2252
1.15684
0.821359
1.28078
1.17329
1.24488
1.44901
1.79843
0.993341
1.51491
1.46073
1.17425
1.33561
1.10158
1.10146
1.52312
1.38254
1.65486
1.15193
1.56997
1.05954
1.50275
1.34726
1.12293
1.54114
1.46741
1.39283
1.34792
1.64215
1.1482
1.94392
1.22315
1.49356
1.2832
1.35438
1.16032
1.35621
1.30023
0.842321
1.13889
1.42011
1.30491
1.18183
1.5726
1.04885
1.25704
0.952086
1.10789
1.45682
1.26024
1.17518
1.03571
1.24524
1.2653
0.908427
1.34047
0.917095
1.49526
1.05994
0.987277
1.59385
1.40799
1.48444
1.12233
1.19249
1.05734
1.2843
1.08004
0.693084
1.27694
0.697574
0.976025
0.833217
1.34192
1.3216
0.812419
1.22409
1.58225
1.32112
1.4214
1.04135
1.37102
1.39668
1.05248
1.29466
1.22358
1.10719
0.980321
0.963027
1.4536
1.40733
1.32297
1.46344
0.774437
0.698461
1.54971
1.42326
1.58876
1.29893
1.54599
1.40629
1.44879
1.3321
1.00542
0.878626
1.15823
1.19643
1.4937
1.03453
1.40603
1.29181
1.43266
1.36627
1.03394
1.40458
1.59454
1.66425
1.19236
0.933713
1.24037
1.58758
1.45539
1.42357
1.29832
1.37435
1.56408
1.45902
0.758388
1.38405
0.850462
1.2551
1.5075
1.19761
1.53583
1.6341
1.25124
1.5611
1.62631
1.46525
1.55808
1.97693
1.2306
1.67648
1.54777
1.28761
1.14926
1.31918
1.30912
1.5972
1.59187
1.65732
1.34858
1.51083
1.50015
1.57601
1.48148
1.34538
1.76067
1.47935
1.52784
1.43921
1.31019
1.07771
1.91228
1.05563
1.40684
1.1934
1.29388
1.41493
1.56566
1.62233
0.970772
1.32188
1.32672
1.30265
1.42596
1.02143
1.01946
0.981968
1.55845
1.18714
1.28598
1.0381
0.957521
1.37345
1.23331
0.8522
0.946718
0.970076
1.27765
1.24232
1.62196
1.30984
1.21319
0.838629
1.62999
1.30873
1.51481
1.14014
0.845858
0.762864
1.29188
1.18123
0.962991
1.27469
1.49066
1.10585
1.52231
1.49015
1.06799
1.06536
1.07535
1.5821
1.19869
1.31569
1.46176
0.958327
1.29454
1.41538
1.34849
1.43105
1.28553
1.49499
1.21579
1.1487
1.03763
1.59096
1.15784
1.86332
1.02197
1.27539
1.21085
1.35924
1.52583
1.42099
1.24241
0.721466
0.819231
1.36436
1.33219
1.42207
0.891526
1.30247
1.3674
1.32241
1.0777
0.720425
1.24124
1.28391
1.40872
1.09593
1.39445
0.907848
1.79484
1.30884
1.48231
1.417
1.56159
1.05335
1.37676
1.42095
1.62723
1.27075
1.30044
1.3476
1.5099
1.41655
0.756663
1.34976
1.23877
1.12538
1.59728
1.24195
1.12755
1.35408
1.31576
1.7802
1.15598
1.41793
1.82659
1.44336
1.05957
1.44842
1.37817
1.7086
1.12301
1.4831
1.68245
1.33094
1.55599
1.32572
1.47274
1.50347
1.18744
1.17588
1.10001
1.27694
1.56118
1.2361
1.29885
1.09986
1.40324
1.483
0.80355
1.62287
1.19275
1.13131
1.56623
0.955611
0.887656
1.00199
1.00638
1.45798
1.18938
1.41235
1.21932
1.35638
1.06282
1.64212
1.52379
1.3597
1.19198
1.13779
1.34202
1.36697
1.2913
1.08968
1.1488
1.06116
1.43634
1.02031
1.48772
1.48078
0.927453
1.34168
1.64687
1.21347
1.53263
0.983302
1.39647
1.19073
0.807614
1.6858
1.32319
1.02461
1.10298
1.30402
1.70984
1.51151
1.68525
1.4923
1.10533
1.27132
1.5777
1.15478
1.43692
1.45214
1.03909
1.19934
1.66886
1.34094
0.892884
1.18513
1.18209
1.4026
1.39677
0.783278
1.50833
1.24004
1.34459
1.28624
1.10739
0.886055
0.968797
1.05643
1.16654
1.17792
0.854437
1.12193
1.06863
1.36381
1.20481
1.35635
0.881998
1.17941
0.969996
1.18263
1.09519
1.14322
1.21586
1.17809
1.33312
1.13052
1.02998
1.42733
0.934346
1.29136
1.55366
1.25512
0.818444
1.13825
1.26762
1.4009
1.44238
1.09368
1.0358
1.04287
1.3793
0.971058
1.34602
1.32459
1.24687
1.14921
0.848601
0.86622
1.2782
0.783027
1.56813
1.00665
1.28767
1.13881
1.04761
1.19627
1.1576
1.31383
0.969322
0.899476
0.886761
1.19607
1.234
1.75661
1.05235
1.01275
0.916479
1.18347
1.55032
1.10983
1.85588
1.38916
1.44929
1.22738
1.4161
1.49938
1.48839
1.35775
0.867558
1.0011
1.52547
1.24055
1.488
1.49309
1.27538
1.48855
1.22686
1.2388
1.61959
1.40302
1.30649
1.3546
1.50175
1.31576
1.374
0.928413
1.00922
1.25513
1.35187
1.44627
1.22999
1.03964
1.13154
1.46567
1.30168
1.35406
1.43224
1.13745
1.58625
1.22261
1.05895
0.771989
1.55134
1.04392
0.988917
1.52855
1.45109
1.17618
1.19101
1.271
1.60803
0.769726
1.17765
1.15164
1.20647
1.3205
1.61292
1.3281
1.00924
1.38743
1.08057
1.33584
1.46463
1.18093
1.0352
1.31039
1.33007
0.831501
1.58643
1.44737
1.46229
1.23831
1.33467
1.53594
1.42738
1.29358
1.03553
1.23154
1.19134
1.49804
1.21505
1.08098
0.81455
1.26236
1.68538
1.75436
1.42711
1.59369
1.65046
1.22339
1.25143
1.53385
1.36436
0.945992
1.39246
1.38275
1.40285
1.50954
1.14941
1.2496
1.85619
1.80097
0.925542
1.65578
1.10027
0.967816
1.66985
1.64727
1.10382
1.03106
1.35434
1.71058
1.44136
1.59525
1.1655
1.33731
0.998401
1.35712
1.13195
1.5598
1.18274
1.49615
1.0785
1.11847
1.69697
1.47432
1.23013
1.1387
1.10192
1.48225
1.03696
1.33335
1.44335
1.05257
1.41969
0.997038
1.15236
1.19774
1.4495
1.00308
1.34936
1.08828
1.39394
1.28795
1.41983
1.16525
0.884968
1.53529
1.22961
0.606243
1.23934
0.983573
1.33153
1.54896
1.37524
1.2913
1.14404
1.27276
1.30207
1.51111
0.979173
1.48539
1.15137
0.945224
1.45037
1.51032
1.06875
1.13671
1.21172
1.68228
1.27941
1.15342
1.38359
0.829165
1.17694
1.05479
1.01061
1.19414
1.15378
1.36225
1.04067
1.36995
1.02913
1.40145
0.903833
1.11477
1.13239
1.27628
1.05002
0.969859
1.20851
1.2021
0.983675
0.676017
1.07532
1.26891
0.784799
1.33247
1.05601
1.12955
1.22116
1.25895
1.26837
0.912211
1.30512
1.53504
1.34428
1.188
0.900943
1.15939
1.41013
0.721778
1.16035
1.44117
1.11824
1.36664
1.20915
1.20038
1.37883
1.07418
1.22663
1.02329
1.10022
1.19111
1.08151
0.84839
0.931251
1.07755
1.15319
0.706552
1.295
1.24945
1.34152
0.862479
1.31502
1.17004
1.06061
1.26694
1.51453
1.12787
1.27229
1.01012
1.22619
1.0707
1.30443
1.05368
1.05472
0.800265
1.18271
1.17345
1.12493
1.15711
1.67414
1.03264
1.40732
1.4126
1.27944
1.03305
0.993128
0.885086
1.10449
1.24334
1.27702
1.05091
1.35562
1.00448
1.2113
1.35245
1.06245
1.32677
1.18478
1.03904
1.28816
1.45749
0.582798
1.50001
1.24109
1.1
1.06522
1.36175
1.20382
1.19853
1.19223
0.796592
1.01031
0.793733
1.239
0.975998
1.25768
1.54243
1.47447
1.14081
1.24386
0.793256
1.13645
1.45507
1.31823
1.11483
1.04871
1.43052
0.931499
1.33875
1.4141
1.54046
1.19185
1.63457
1.31071
1.26901
1.29882
1.06734
0.866278
1.60358
0.987027
1.48783
1.46748
1.34961
1.46529
1.20615
1.74029
1.34904
0.890355
1.29087
1.28825
1.40372
1.66917
1.61275
1.33872
1.33623
1.22068
1.3715
1.27679
1.46959
1.34988
1.26152
1.05941
1.30572
1.05097
0.972566
1.25909
1.32665
1.44454
1.35054
0.947045
1.5448
1.46427
0.807253
1.45263
1.11229
0.962809
1.24126
1.27599
1.65157
1.07993
1.4625
1.12531
1.06126
0.940278
0.83108
1.52418
1.01521
0.757947
1.02221
0.804135
1.12601
0.968849
1.02203
1.37292
1.23202
1.34117
1.57439
1.41286
1.45681
1.51829
1.43341
1.34358
1.22943
1.10337
0.969897
1.15548
1.20937
0.901427
1.24494
1.15611
0.944733
1.48182
1.59434
1.74011
1.21191
1.84025
1.41768
0.923273
1.07213
1.25645
0.851897
1.22417
1.03001
1.38395
1.29035
1.42806
1.48682
1.02612
1.48685
1.36483
1.55491
1.44054
1.22645
1.0517
1.46977
1.02997
1.83536
1.05906
1.15705
0.948649
1.43447
1.25522
0.886124
1.18905
1.50751
1.47107
1.57676
1.14114
1.27655
0.849818
1.16858
1.38533
0.788668
1.40998
1.18053
1.00159
1.34794
1.35265
1.2365
1.32672
1.04215
1.27154
1.31715
1.06048
1.40181
1.33701
1.08052
1.33202
1.16694
0.952786
0.91485
1.39019
1.76018
1.50055
1.18623
0.716583
1.1731
0.983316
1.43729
1.1123
1.50106
1.07242
1.36797
1.43997
1.22768
1.62147
1.01514
1.67341
1.41072
1.15634
1.02582
0.832618
1.12768
1.10663
0.871185
1.10551
1.24478
1.43685
0.997988
1.35204
1.54572
1.12838
1.39875
1.28132
1.5365
1.7164
1.46271
1.61926
1.12668
1.38767
1.265
1.2853
1.26881
1.31398
1.30014
1.39826
1.29743
0.927145
1.75852
1.60962
2.09777
1.2095
1.86528
1.51875
1.16554
1.20457
1.37066
1.19825
1.03282
1.05787
1.67203
1.44231
1.42658
1.70325
1.30486
1.39973
1.51427
1.4124
1.01583
1.48502
1.35901
1.65437
1.27595
1.45512
1.31683
1.64911
1.66106
1.10251
1.20393
1.29024
1.31318
1.55961
1.42865
1.1364
0.960152
1.36505
1.7521
1.32888
1.64974
1.58084
1.18607
1.04723
1.73868
1.34869
1.58077
1.35918
1.46796
1.46283
1.26066
1.43135
1.30928
1.12556
1.56543
1.07732
1.04255
0.991899
1.12147
1.57819
1.37116
1.55169
1.04671
1.2225
1.18166
1.23874
1.50725
1.13416
1.47137
1.40236
1.27728
1.24789
1.40588
1.32566
1.04079
1.11935
0.968908
1.10062
0.881225
1.17917
1.39729
1.34136
1.63563
1.15473
0.972122
1.6959
1.24351
1.48188
1.26095
0.835037
1.62074
1.22658
1.37743
0.996352
1.50095
0.90453
1.29838
1.05607
1.58803
1.45051
1.24327
1.19042
0.936064
1.8107
1.23541
1.82369
1.48788
1.62311
1.3808
1.51477
1.07042
1.23385
1.06724
1.15246
1.19328
1.40327
1.55408
1.09473
1.4183
1.47401
1.12227
1.11655
1.22686
1.32709
1.22552
1.31074
1.01834
1.54731
1.14974
1.36604
1.07504
1.2075
1.09281
0.98925
0.876945
1.46025
1.09925
1.4689
1.59607
1.39818
1.10258
1.32745
1.54725
1.3781
1.19608
1.11405
1.27316
1.33306
1.50581
1.44863
1.35597
1.18528
1.10314
1.4039
1.35225
1.46644
1.23912
1.32154
1.13778
1.33575
1.26332
1.13822
0.734149
1.29531
1.10545
1.38448
0.99047
1.56632
1.43432
1.66064
1.17564
1.32882
1.38104
1.22558
1.03267
1.65938
1.62322
1.38657
1.44994
1.3111
1.03137
1.27948
1.6148
0.949266
1.1002
0.928314
1.37718
1.65459
1.37214
1.67083
1.52684
1.74169
1.25506
1.04893
1.39293
1.21243
0.846734
1.41554
1.19742
1.41046
1.57138
1.49087
1.26289
1.76224
1.45997
1.39747
1.6344
0.979655
0.898219
1.30663
1.38319
1.35821
1.227
1.76459
1.44093
1.48795
1.26219
1.44954
0.664386
1.30803
1.37992
1.22819
1.49379
1.47475
1.44567
1.50231
1.26657
1.26888
1.43296
1.89292
1.21481
1.67242
1.24697
1.3346
1.11636
1.54782
1.39467
1.4036
1.689
1.55778
1.5044
1.61284
1.36658
1.48184
1.32202
1.02396
1.54185
1.45796
1.52835
1.35278
1.08285
1.4452
1.92987
0.789259
1.67727
1.27383
1.08889
1.53333
1.72757
1.31752
0.933413
1.18119
1.42697
1.27831
1.51507
1.06293
1.49557
1.69013
1.74656
1.64225
1.46609
1.2619
1.67139
1.78503
1.32236
1.75781
1.63169
1.52955
1.46336
1.40535
1.04559
1.35574
1.5673
1.5098
1.22374
1.61824
1.61775
1.13944
1.70213
1.51124
1.8052
1.26616
1.60646
1.90237
1.66424
1.52328
1.44036
1.49766
1.30231
1.77066
1.09947
0.987603
0.925954
1.60334
1.84565
1.69275
1.22055
1.02457
1.25128
1.63984
1.47612
1.49278
1.20348
1.17653
1.2182
1.2009
1.20163
1.14918
1.29344
1.19683
0.901259
1.18824
1.4704
1.09685
1.36115
1.0635
0.873408
0.802517
1.27438
1.39237
1.13275
1.40058
1.35525
1.0719
1.18974
1.31838
1.2335
1.07362
1.04214
1.38041
1.20444
1.22616
1.00402
0.927949
1.24844
1.66601
0.42213
1.27102
0.864374
0.896442
1.46046
1.4637
1.09602
0.546643
0.958967
1.26855
1.08535
1.34619
1.05998
1.35248
1.35891
1.57755
1.61756
1.16391
1.56743
1.13405
1.50397
1.57312
1.21527
1.31605
1.40002
1.44111
1.34919
1.22643
1.09948
1.42298
1.25801
1.33052
1.44016
1.06811
1.12418
1.06971
1.46938
1.40705
1.47188
1.69913
1.04085
1.3338
0.999777
1.28661
0.989016
1.3575
1.22011
1.05187
1.4108
1.45816
1.05582
1.23928
1.28328
1.69371
1.23889
0.877939
1.27381
1.50383
0.886552
1.18841
1.40852
0.950186
1.0161
0.998667
0.951365
1.54718
1.33303
1.36979
1.3735
1.5761
0.910717
1.13891
1.1078
1.23415
1.28369
0.67223
1.22354
1.04887
1.15858
0.416454
1.29818
1.18304
0.878535
1.1928
0.62652
1.02628
1.16085
1.22509
1.09922
1.3328
1.47327
1.23645
1.27257
1.5187
1.26811
1.1582
1.08619
1.38541
0.743758
1.37125
1.04886
1.32168
1.34676
1.5805
1.01908
1.31332
1.55363
1.24182
1.70344
1.03761
1.01958
1.7854
1.26462
1.67983
1.57633
1.22855
1.79037
1.28472
1.86288
1.53868
1.27559
1.14107
1.32729
1.38908
1.6539
1.5695
1.2121
1.54937
1.18728
1.67451
1.55272
1.94557
1.53191
1.90063
1.53628
1.34387
0.700073
1.22355
1.34766
1.4305
1.46866
1.51798
1.30369
1.59468
0.939176
1.05161
0.913799
0.813532
0.898448
0.71368
1.12696
1.24
1.01018
1.21813
1.12221
1.17303
1.0738
1.08224
1.42667
1.21408
1.2744
0.850354
0.980332
0.970676
0.73704
1.00383
1.0937
0.649987
1.22577
0.929747
1.15669
1.5433
1.35121
1.33713
1.43211
1.48165
1.12275
1.07281
1.09688
0.983055
1.05796
0.963469
1.35149
1.07805
1.4113
0.771482
1.05472
0.914363
0.740515
0.944906
1.12024
1.30778
0.88575
1.22489
1.55953
1.28372
1.42591
1.22415
1.34081
1.26812
1.23572
1.41707
1.1608
1.36759
0.938748
1.15294
1.3901
1.27485
1.19973
1.28211
0.988829
0.975612
1.7912
1.33213
1.76655
1.38485
1.59127
1.44972
1.43511
1.20944
1.15877
0.818103
1.10305
0.879315
1.38889
1.31514
1.33447
1.29954
1.28431
1.17909
1.45925
1.69023
1.3107
1.53341
1.53579
1.14039
1.24407
0.809337
1.24779
1.46756
1.2654
1.50409
0.693293
1.48747
1.25873
1.46659
1.33846
1.33301
1.53953
1.42376
1.22517
1.30918
1.82702
1.06312
1.83486
1.38422
1.23068
1.20148
1.55947
1.46518
1.35835
1.38413
0.726938
1.20708
1.38435
1.56197
1.00582
0.943936
1.17718
1.16926
1.53956
1.09736
0.958435
1.69169
1.37768
1.51935
1.06239
1.00583
1.51374
0.692322
1.32881
1.22513
1.00614
0.778605
0.781137
1.31409
1.56541
1.27551
1.14332
0.929294
0.799397
1.64981
1.43343
1.48501
1.60168
1.66536
1.44207
1.5505
1.10431
0.943718
1.02707
1.26208
1.48287
1.3124
1.29557
1.24262
1.01073
0.924026
1.50687
1.18096
1.32973
1.337
1.42294
1.36516
1.39102
1.2646
1.34981
1.36241
1.38874
1.34039
1.4197
0.902067
0.991591
1.22867
1.01105
0.884651
1.22293
1.17277
1.15513
1.62446
1.60886
1.7377
1.40755
1.87139
1.50465
1.25487
1.28181
1.39589
0.904394
1.10617
1.1964
1.33302
1.47388
1.25904
1.14773
0.970854
1.02719
1.31551
0.907441
1.0521
1.07605
1.11211
1.42764
1.03192
1.33043
1.29384
1.08025
1.04313
1.08577
1.0015
1.26107
0.834673
1.02117
1.57253
0.867412
1.18161
1.14845
1.36692
1.24428
0.975962
1.15857
0.911887
1.04705
1.48088
1.10043
0.806281
0.823049
1.17722
1.30499
0.896493
1.17856
1.23762
1.31642
1.06466
1.28535
1.27344
1.15155
1.56461
1.29655
1.30848
1.48869
1.39975
1.28495
1.08575
1.22065
0.842161
1.12933
1.14694
0.689881
0.94682
1.20881
1.27589
1.41729
1.43052
1.46247
1.38547
1.66986
1.24672
0.920485
1.12063
1.29457
1.13493
1.17827
1.24734
0.909765
1.46851
1.2329
1.35841
1.11859
1.29493
1.11264
1.62685
1.70876
1.79687
1.58331
1.74986
1.82271
1.36528
1.18802
1.46968
1.36304
1.42475
1.44803
1.18034
1.88196
1.355
1.55897
1.64957
1.78417
1.47581
1.50776
1.52027
1.22709
1.15586
1.44726
1.13823
1.13532
1.47358
1.54284
1.69763
1.28809
1.52501
1.33096
1.63265
1.29945
1.46446
1.22076
1.38171
1.47008
1.36898
1.61301
1.40311
1.24954
1.06124
1.24576
1.6369
1.26956
1.41059
1.56236
1.06836
1.11543
1.58571
1.17547
1.76135
1.24797
1.51278
1.41868
1.28697
0.938863
0.909203
1.09664
1.2292
0.987122
1.4142
0.771534
1.49929
1.49073
0.994581
1.64662
1.58235
1.14192
1.55079
1.17965
1.68258
1.22346
1.08421
0.991173
1.1717
0.990273
1.65697
1.29674
1.27799
1.35451
1.2188
1.64388
1.59624
1.44555
1.61278
1.58284
1.18361
1.33737
0.98312
1.01923
0.970636
1.38908
1.5647
1.4498
1.38557
1.29886
1.11179
1.18726
1.70044
1.52655
1.1643
1.80195
1.60606
1.35168
1.51189
1.37003
1.44749
1.01905
0.774177
1.15983
1.75485
1.53035
1.72076
1.02106
1.73129
1.37863
1.07116
1.39613
0.807012
0.955852
1.7785
1.66644
1.08301
0.982862
1.54536
1.47875
1.39746
1.25531
1.36066
1.42118
1.47017
1.40155
1.35318
1.81714
0.945234
1.16637
1.3034
1.48181
0.956991
1.36484
1.49275
1.43264
1.49978
1.32809
1.43987
1.51954
1.68687
1.0976
1.23999
0.779295
1.08286
1.30731
1.28838
1.12168
0.889787
1.34119
1.59777
1.24041
1.3349
1.27841
1.42566
1.25211
1.7014
0.894063
1.03237
1.32499
1.59424
1.11632
1.20852
1.06259
1.19798
1.29958
1.05682
1.20114
0.984003
1.08909
1.52122
0.794603
1.27389
0.988614
0.998863
1.74685
1.64004
1.41908
0.707833
1.11418
0.912893
1.50306
1.14721
1.24343
1.63581
1.0523
1.29452
0.912318
1.16368
1.26723
1.14286
1.58372
1.4749
1.52114
1.60285
0.845352
1.15537
1.68955
1.08169
1.54926
1.50364
1.24262
1.3084
1.64372
1.50246
1.05861
1.49667
1.00054
1.52167
1.34262
1.34703
1.04356
1.5015
1.21881
1.28983
1.19329
1.47812
0.746727
1.1762
1.13337
1.40378
1.3165
1.3454
1.19034
1.37572
1.60777
1.13594
1.38063
1.64753
1.48333
1.24322
1.55164
1.17231
1.21257
1.19111
1.20484
1.55452
1.04295
1.53159
0.774557
1.46697
1.48103
1.53069
1.50564
1.28785
1.43077
1.49197
1.16942
1.49893
1.38139
1.35138
1.56135
1.21674
1.36465
1.32875
1.2282
1.14489
1.05845
1.53209
1.82514
1.63653
0.959202
1.11254
1.25902
1.18546
1.2651
1.55696
1.6701
1.33211
1.03773
1.02468
1.18985
1.54908
1.78462
1.70704
1.26462
1.24878
1.18572
1.75033
1.49872
1.48603
1.76088
1.46705
1.39901
1.8595
1.40374
1.08997
1.28542
1.32804
1.75673
1.48764
1.32171
1.45348
1.23291
1.51557
1.50656
0.969618
1.40141
1.45354
1.23592
1.4899
0.767862
1.10756
1.37408
1.24491
1.42704
1.38366
1.56582
1.42012
1.52453
1.89577
1.64404
1.41392
1.20518
1.41121
1.02784
1.73912
1.13308
1.23943
1.31171
1.22308
0.940104
1.38194
1.29724
1.38555
1.04271
1.09147
1.5997
1.1501
1.58638
1.24929
1.1687
0.939819
1.2808
1.4523
1.26005
1.28884
0.709057
1.27693
1.30335
1.56891
0.765748
1.35904
0.788836
1.44738
1.54981
1.28733
1.33702
1.03665
1.12684
1.30285
1.45857
1.19408
1.43709
1.35502
1.12723
1.25834
1.29821
0.883887
1.35115
1.25808
1.64556
1.25994
1.0624
1.40426
1.13128
1.22382
1.22249
1.20909
1.42685
1.14718
1.30601
1.61799
1.3902
1.38201
1.57687
1.52434
1.27462
1.49108
1.03605
0.98404
0.71127
1.20935
1.43024
1.31151
1.18531
1.0727
1.29482
1.30105
0.803594
1.20166
0.676342
0.953721
1.28335
1.37173
1.14602
1.43187
1.58411
1.29427
1.20011
1.31177
1.05182
1.1691
1.20012
1.47537
0.937745
1.30545
1.11471
1.32115
1.1727
1.29267
1.44713
1.28087
1.38728
1.62439
1.60882
1.2439
1.59397
0.967624
1.06743
1.48216
1.58359
1.07551
0.955441
1.45523
1.41407
1.6999
0.990761
0.958176
1.67097
1.30218
1.61771
1.21128
1.43169
1.54207
1.06206
1.49446
1.13304
0.937945
1.54315
1.52515
1.11708
0.917991
1.20961
1.23107
1.28016
1.17473
1.48428
1.07494
1.41149
1.463
1.57797
1.36645
1.47433
1.76301
1.34138
0.941002
1.3475
1.31486
1.14093
1.25168
1.42448
1.10332
1.55383
1.02518
1.46352
1.1261
1.63392
1.4387
1.84521
1.5143
1.78282
1.47866
1.51215
1.43425
1.66357
1.41272
1.24184
1.33728
1.10696
1.75256
1.54679
0.906115
1.40561
1.0284
1.19731
1.33798
1.27343
1.24479
1.38444
1.44388
0.973128
1.13436
1.09448
1.25071
1.00827
1.20926
1.03745
1.50714
1.37082
1.77561
1.19976
1.65788
1.42649
1.38377
1.41511
1.31459
1.18436
1.10618
1.14533
1.39641
1.39893
1.42279
1.58551
1.28777
0.902801
1.39219
0.971239
1.09121
1.89788
1.71681
1.37512
1.16915
1.60631
1.29512
1.20967
1.57555
1.56481
1.37811
1.01956
1.21514
1.55969
1.42395
1.28123
1.50104
1.09578
1.12379
0.861124
1.37983
1.16625
1.78708
1.20925
1.1221
1.66343
1.83628
1.28833
1.38067
1.55766
2.01563
1.20436
1.38445
1.30717
1.35745
0.991564
0.89841
1.72477
1.68703
1.23383
0.755054
0.95848
1.43061
1.2147
1.51503
0.742645
1.63854
1.81513
1.35156
1.43494
1.09945
1.5479
1.31617
1.2338
1.32259
1.07432
1.54406
1.30006
1.10455
0.758658
1.40267
1.17991
1.15743
1.04702
1.34135
1.47298
1.27312
1.04437
1.23523
1.323
1.33029
1.32391
0.89617
1.33886
1.49463
1.44839
1.42874
1.32589
1.39279
1.22407
1.40691
1.58538
1.36734
0.969794
1.23064
1.10114
1.16021
1.38781
1.1162
1.28505
1.01567
1.15194
1.28693
0.963427
1.32606
1.41898
1.52438
1.48259
1.07524
1.62589