4.2368
4.4082
3.88492
4.34355
4.09395
4.29219
4.38422
4.1957
3.80731
3.98219
4.5929
3.95757
3.82337
4.1196
4.11813
4.35881
4.30702
4.17132
4.28188
4.32171
4.20812
3.8357
3.90102
4.10757
4.17539
4.22329
3.94822
4.15021
4.00126
4.20541
4.16661
4.27909
4.48123
4.28485
4.06006
4.35426
4.10844
4.20651
4.64298
3.78173
4.21849
4.30914
4.37537
4.15668
4.33331
4.05037
4.15881
4.05235
4.03923
4.16559
3.95193
4.36203
3.87153
4.4166
3.90886
4.05225
4.17652
4.10827
3.71667
4.22111
4.18061
4.10036
4.3962
4.38972
4.3256
3.88763
4.22502
3.87447
4.23521
3.88985
4.26738
3.92378
3.92071
4.20732
4.41771
4.62982
3.7783
4.2371
4.18913
3.97171
4.04892
4.29412
4.2511
3.8751
4.23272
4.46745
4.15232
4.0268
4.19664
4.19911
4.15859
4.24953
4.19543
4.27465
4.15075
3.89497
3.94996
3.97977
4.08879
4.06588
3.70718
4.1343
4.32855
3.68262
3.45812
4.13078
3.53111
3.97083
4.17708
3.37619
4.00113
3.9345
3.83758
4.45682
3.6957
4.20421
3.73157
3.69001
3.92272
3.8143
3.81443
3.97192
3.97881
3.82688
4.18363
3.92166
3.74462
3.56132
3.70539
4.05789
4.45737
4.13919
3.60914
3.79686
4.17763
3.85964
3.77188
3.60929
3.84624
3.78898
4.1048
3.86059
4.01192
3.75195
3.66267
3.99971
3.74913
4.00494
3.82297
4.0911
3.59057
3.74186
3.77113
3.96419
3.60054
3.99145
3.95913
3.91129
3.92975
3.93755
3.70366
3.84084
3.84229
3.90553
3.88496
3.82511
3.92335
3.92412
3.69041
4.24215
3.78753
3.83316
3.91336
4.16344
3.83463
4.03067
4.07064
4.07213
3.75687
4.02343
4.25467
3.7477
3.71588
3.58084
4.15758
3.69005
4.14283
4.17873
4.04232
3.96995
3.84983
4.10742
3.91414
4.02269
3.4955
3.86547
4.0454
4.0196
4.42882
4.62914
3.99989
3.89176
3.764
3.96163
4.16382
4.11563
4.13249
4.52183
4.10022
4.33777
4.02088
4.4923
3.99637
3.65311
3.97612
4.37301
4.18514
3.97579
4.12141
4.41774
4.24385
4.13345
4.30154
4.3969
3.96025
3.84991
4.60131
4.28665
4.17706
4.23627
3.70663
4.0241
4.01733
4.17713
4.11209
3.65924
4.27673
4.11407
4.25348
4.51264
4.0615
4.59089
3.99714
4.38496
4.11301
4.03972
3.85223
3.99569
3.79653
4.04372
4.16703
3.91978
4.50548
4.72886
3.86858
3.9382
4.12311
4.09911
3.55231
3.83213
4.12626
4.20124
4.25599
4.31581
3.97862
4.57018
3.84192
3.934
3.81122
3.7391
4.21189
3.98409
4.13005
4.0979
3.80284
4.20163
4.05664
4.08095
4.25867
4.15566
3.97866
3.97394
4.18973
3.92962
3.85808
4.3193
3.97826
4.09666
4.21314
3.84271
4.40535
3.97159
3.94809
4.41912
4.12931
4.65437
4.11211
4.16729
4.1678
3.83729
4.00645
4.20044
4.01597
3.44695
3.76747
4.19625
4.19795
4.26085
4.2162
4.23554
4.25374
4.05761
4.08998
4.19153
4.16446
4.10358
4.3598
4.2851
4.18458
4.06844
4.33362
3.6414
4.45598
4.62267
4.14255
4.02983
4.0005
3.95652
4.14142
4.26797
3.97582
3.93029
4.11903
4.05432
3.98568
4.37209
4.07587
4.01517
4.0943
4.1804
4.01878
4.09138
3.91131
3.60384
4.29873
3.43066
4.21142
3.79379
4.06484
4.12282
3.94839
3.94756
3.99199
3.97299
4.09637
4.24664
3.94211
4.04173
4.23111
4.28793
3.81737
4.3886
4.01539
4.1535
4.24126
4.36172
4.14392
3.91001
4.38486
4.39932
3.67248
3.69785
4.34428
4.40139
3.93898
4.24738
3.95803
4.34144
4.11451
4.27317
3.75514
4.38465
4.12859
4.41804
4.26096
4.31119
3.86133
3.41824
3.87599
3.98803
3.91042
4.32462
4.06382
4.50316
4.27653
4.22326
4.2308
4.54373
4.18777
4.4199
3.96292
4.14035
4.45166
3.96357
4.49454
4.07889
4.44117
4.1109
4.0237
4.06598
3.83593
4.37421
4.11703
4.3112
3.87905
4.48029
4.31719
4.33483
3.93745
4.04286
3.97023
4.50231
4.02661
4.24789
4.05618
4.58687
3.92407
3.89714
4.2741
4.13187
4.23824
3.61692
4.44002
3.99937
4.0214
4.26515
4.35558
4.0788
4.30759
4.13144
4.33706
4.70228
3.86265
4.2745
3.95525
4.31393
4.14126
4.02818
4.30852
3.90821
3.96439
4.61043
4.32075
4.33314
4.74978
4.27352
4.27777
4.33451
3.88031
4.10962
4.17257
4.23107
3.99568
4.20832
4.58059
4.36968
4.03084
4.31764
4.79183
3.9874
4.07072
4.33012
4.45663
3.99543
4.3067
4.22274
4.11384
4.09649
4.16957
4.3978
4.10572
3.98783
4.12418
3.87687
4.52064
4.27663
3.76485
4.03389
4.22098
3.87486
4.39505
4.22352
4.32434
4.03696
4.1825
3.99272
4.18757
4.06301
4.03803
4.26056
4.56943
3.99981
4.02409
4.11362
3.93097
4.47034
4.39697
4.15572
4.30781
4.41754
4.36616
3.85672
4.5257
4.65856
3.95027
4.20091
4.08127
3.99152
4.34054
4.24938
4.04649
4.2065
3.94842
3.99693
4.06194
4.11723
3.84587
4.48997
4.26917
4.20214
3.8678
3.98882
4.06658
4.03129
3.94579
4.53125
4.15021
3.70159
4.33303
3.95625
4.18052
4.16649
4.69151
3.8382
4.05108
3.87199
3.7191
4.04365
4.06017
4.04062
4.18849
4.02253
4.05426
3.92478
3.89179
4.40424
3.8078
4.17004
3.99819
4.59087
4.1897
4.43064
4.4503
3.6115
3.80797
4.46411
4.48199
3.98466
4.26007
4.35646
4.02363
3.95453
4.1466
4.18937
3.82635
4.00141
4.6396
4.18309
3.94813
3.74518
4.05657
3.31765
3.74677
4.22126
4.01943
4.1998
3.96252
3.90933
4.08811
3.96984
4.36876
3.82256
3.73389
4.54342
3.81857
3.83237
3.85544
3.90795
3.74973
4.00533
4.18694
4.1806
3.40472
3.66692
4.16108
4.46141
4.20524
4.23704
4.76145
4.15206
4.59409
4.01923
4.18383
3.75054
4.15968
4.08162
4.43476
4.24544
4.15327
4.20563
3.74491
4.47266
4.04897
4.05694
4.33017
3.88171
4.31647
4.2415
4.09589
3.97105
4.27026
3.96456
3.96095
4.22996
4.38021
4.15414
4.26878
3.97096
4.52127
3.73762
4.13559
4.04993
4.01523
4.20587
4.41244
3.98066
4.0252
4.27365
4.00233
3.63947
3.94948
4.01056
3.98655
3.95857
4.34907
4.0245
4.33295
3.93652
4.2728
4.27244
4.03083
3.99888
4.42714
4.07713
3.95673
4.23045
4.10407
3.70389
4.48691
3.79976
3.76883
4.32353
3.78615
3.95334
3.84834
4.06899
4.1417
4.05962
3.74415
3.94227
4.00897
4.1547
3.76091
3.71848
3.85502
4.13283
3.81901
4.01022
3.80204
3.79269
4.10506
4.20987
3.98711
4.33528
3.85868
3.48053
4.10603
4.38156
3.9397
4.23307
3.41933
3.91792
4.04862
3.87046
4.08784
3.89793
4.25077
4.03343
3.84689
4.00795
4.3562
3.86262
3.7581
3.8709
3.56826
4.03302
3.77234
3.75376
3.6762
3.79889
3.98737
3.53991
3.75833
4.19222
3.88359
3.88542
4.22739
4.01021
3.45729
3.89533
4.09831
3.89558
3.7693
3.81276
3.79591
4.35552
3.7508
3.66247
3.29623
3.68298
3.72992
3.85838
4.18148
3.62374
3.97181
3.62462
3.81772
3.63315
4.02145
3.7579
3.94125
4.19783
3.86885
4.32882
3.9842
3.97619
3.972
3.92496
4.15212
3.63153
3.82274
3.9667
3.93188
4.12608
4.28471
4.02905
3.84994
3.96522
4.25409
4.29
4.14497
4.16806
4.23432
3.93468
4.09048
4.10675
4.35321
3.81288
4.08036
4.2904
3.9646
4.25094
4.30773
3.81864
4.26256
3.98795
3.7149
4.41199
4.32051
4.39956
4.2092
3.95425
4.46298
3.88032
4.35294
3.96929
3.69473
4.02938
4.11742
3.91487
3.96077
4.42159
4.06661
4.17414
4.33819
4.25378
4.02548
4.1059
4.34293
3.92268
4.15928
4.29223
3.90103
4.56663
4.08193
4.0249
4.09715
4.30044
4.2931
3.65747
3.64432
3.94214
3.84607
4.21967
4.42612
3.92191
4.5684
3.9227
4.03896
3.80947
3.61554
4.38739
4.01666
4.03356
3.80075
4.33364
3.75019
4.63939
3.94627
4.25143
4.207
4.3655
4.17463
4.2338
3.8054
4.04088
4.0783
3.93307
3.8655
4.21356
4.13738
4.07003
3.83705
3.88517
3.87874
3.59413
3.99081
4.00768
3.82363
4.0063
3.62402
4.02125
4.09298
4.47687
4.17576
4.05003
3.87869
4.18398
3.49454
4.0541
3.65245
4.02729
4.08054
3.97519
4.18525
3.54191
3.37731
3.83982
4.34802
4.41811
3.9257
4.29541
4.10732
4.36912
3.90929
3.76938
3.97618
4.1334
4.01424
4.14434
3.99556
3.85374
3.95757
4.0012
4.2945
4.01941
4.02897
4.37859
4.01124
4.53728
3.96602
3.78226
3.70242
3.83546
3.91999
4.01884
4.12089
3.91895
3.82972
4.16432
3.95825
4.04381
3.90403
4.07301
3.82894
3.92112
3.7762
4.07128
3.98498
3.95793
4.27985
4.25405
3.78834
3.85921
4.09731
3.84812
4.36192
3.81282
4.23003
4.07167
3.70836
4.38413
4.07527
3.83973
3.6352
4.06156
3.90203
3.80839
4.15535
4.09115
4.21285
4.00646
3.8463
3.89107
4.21675
4.03328
3.99645
4.13107
3.6027
3.99507
4.00293
4.16218
4.31328
3.77361
3.96557
4.22453
4.03091
3.79966
4.1911
4.16043
4.41444
4.36228
4.23685
3.92623
3.61
3.77644
3.67472
4.23409
4.0504
3.73259
4.53302
3.89557
4.39376
4.14015
3.95647
3.76342
4.02638
4.01327
4.12627
4.26735
3.97774
3.95466
3.61403
4.3864
3.68855
4.02951
4.1389
4.05408
4.2592
3.82108
4.33458
3.90264
4.05223
4.02273
3.77254
4.1105
4.27734
4.57939
4.09067
4.25996
3.99556
3.86532
4.08394
4.21194
3.92986
4.36806
4.18999
4.07638
3.53887
4.30448
4.31786
4.02862
3.84501
4.02135
4.08335
3.70254
4.11255
4.47704
4.03055
3.45291
4.38333
4.36696
4.09634
3.79881
4.06356
4.02399
4.07164
3.99967
3.58481
4.19031
4.19581
4.02829
4.11414
4.00188
3.73142
4.17388
4.14997
3.78193
3.94043
4.2088
4.22798
3.79871
3.84575
4.12292
3.99615
3.92204
4.17963
3.8807
4.27824
4.12738
4.07292
4.0811
3.95083
3.68057
4.14902
4.1691
4.40628
4.28346
4.1189
4.36006
4.22213
4.06061
4.04632
3.72695
4.48205
3.87002
3.94035
3.8254
4.24369
4.27763
4.53223
4.46953
4.25231
3.95972
4.26332
3.78202
4.11688
4.35143
3.90687
3.68994
4.44653
4.12538
3.85685
3.67162
4.47048
3.81312
3.64186
3.78937
4.11546
3.93848
4.12348
4.12798
4.39859
4.40831
4.11036
4.06125
3.87949
4.04916
3.9346
3.83601
3.63153
4.59155
3.68962
4.16725
4.321
3.93229
4.04824
4.34832
4.06531
4.33928
4.2228
4.06382
3.61782
4.1427
3.74512
3.85745
4.38776
3.86219
4.43072
4.40034
4.04853
4.17638
3.92864
3.85992
3.99626
3.79604
3.88997
4.10984
3.86236
3.93497
4.19762
4.20656
3.7397
4.00131
3.87826
4.22076
3.85468
4.04208
3.89558
3.90028
3.99936
3.83434
4.2885
4.11782
4.11995
4.26635
4.29815
3.7033
4.10016
3.98963
3.78336
4.33292
3.89653
4.06221
3.97913
4.00112
4.00742
4.18556
4.15548
4.08122
3.5373
4.49124
3.45157
4.0327
4.07734
4.07528
4.09829
4.06057
3.90636
3.70885
4.04253
4.0655
3.95408
4.13075
3.99058
3.83332
3.97261
3.86874
3.69749
4.16661
4.28201
4.31872
4.31813
3.7704
4.18886
4.28146
3.67223
3.95975
4.31451
3.9046
3.92475
4.25892
4.29307
4.10433
3.62147
4.30098
4.41127
3.94854
3.88275
3.75496
4.1282
4.14002
3.72567
3.88232
4.21598
4.27532
3.68334
3.57637
3.74819
4.1212
4.15616
3.87303
4.37917
4.25011
4.08741
3.91095
3.86476
4.19687
3.87136
3.88965
4.16269
4.49909
3.93226
4.28544
4.24755
4.40669
3.88629
4.18819
4.43094
4.20238
3.86457
4.42582
3.85632
3.96074
4.39363
4.26744
4.01826
4.07324
3.79117
3.83139
4.29304
3.85336
3.76305
4.19731
4.26231
4.13481
3.78005
4.27586
3.99125
4.30101
3.9519
4.3177
3.85292
4.0812
3.94379
4.2799
3.91981
3.95847
4.02974
3.97225
4.20686
4.10072
3.89528
4.19829
4.22441
4.48055
4.36021
4.17683
4.45567
4.14051
4.25317
4.18496
3.90573
4.49862
4.39858
3.99188
3.89821
4.46087
4.3698
4.18761
4.24589
4.30663
4.52514
3.81463
4.28695
4.30933
4.13664
4.3537
3.74424
4.3891
4.37976
3.88664
3.73982
4.17019
4.04077
4.09184
3.90259
4.52311
4.34272
3.72403
3.93548
4.55549
4.35242
3.99158
3.99195
4.14978
4.41395
4.1782
3.93135
3.90346
3.96652
4.1139
4.38607
4.21069
4.00424
4.18262
4.01296
4.22186
3.8539
4.08608
4.19031
4.21994
4.53472
4.10986
4.42262
4.06474
4.41702
3.99857
4.06081
3.88995
3.92203
4.20229
3.96431
3.6656
4.2155
3.86735
4.13985
3.91297
3.84568
4.16538
3.78649
4.1273
4.27019
3.98743
3.88481
4.20427
3.76708
4.46736
3.91357
3.50192
4.31467
4.61495
4.10135
3.88045
3.97564
4.11534
4.37277
3.45644
4.08292
4.24955
4.10652
3.96408
4.23133
4.26703
4.03764
3.69124
4.30436
4.22739
3.91107
4.41341
3.88995
4.29547
4.41491
4.0421
4.18654
4.15496
4.40375
3.94593
3.99603
3.84547
4.01485
3.85847
4.1508
3.94547
4.0048
4.06048
3.85169
3.67432
4.44201
3.97241
4.2245
4.2667
3.99999
4.15337
4.16232
3.84508
3.77622
3.76362
4.40932
3.49845
4.43322
3.8022
4.27929
4.00486
3.99151
3.84401
3.4975
3.97843
3.66498
3.44982
3.94662
3.84891
4.09308
4.33435
4.14268
4.01117
4.31889
3.93828
3.89942
3.8149
3.92017
3.86412
3.90621
4.13433
3.7241
3.98718
4.19684
3.97996
4.01598
4.04665
4.09312
4.15302
4.03793
3.98493
4.08767
3.76898
3.99298
3.85605
3.93903
3.94516
4.27541
3.50931
4.09347
4.11375
3.97399
3.87761
4.23525
4.46372
4.09594
4.10357
4.33152
4.15431
3.89069
3.83786
3.80242
3.87358
3.95741
4.11578
4.51214
4.07882
4.04014
4.26055
3.8402
4.33219
3.96872
4.15717
3.76962
3.78932
4.42925
4.19896
3.73126
4.0819
4.15713
4.32054
3.79608
4.29373
3.89167
4.21086
3.94169
3.80954
3.90491
4.30348
4.20077
4.35883
3.8867
3.95228
4.22375
4.02271
4.00507
4.28671
4.0618
3.98714
4.02694
4.08271
4.55291
4.07987
4.24418
4.08659
3.80245
4.19083
3.53045
4.32075
3.78049
4.01315
3.73983
4.1714
4.26743
3.9825
4.15426
3.56984
3.9385
3.67273
4.05967
4.38083
4.03303
4.01445
4.1728
4.42868
4.31506
4.01526
4.1045
3.98678
3.98017
3.89026
3.98161
3.94488
4.17245
3.70386
4.44701
4.11449
4.29088
4.01262
3.60789
4.66661
4.41769
4.26081
4.02454
3.59604
4.27218
4.3981
3.71809
3.86667
4.11735
3.90496
4.19198
3.88829
3.84234
4.38289
3.80551
3.92411
4.70355
4.07587
4.09169
4.32857
4.24577
4.06971
4.47872
4.0364
4.08547
3.92332
3.98497
4.20574
4.54868
4.50926
3.97256
4.11323
4.00616
4.33977
4.12869
4.16212
4.18431
4.34002
4.19465
4.05613
4.30969
4.02402
4.42885
4.35023
4.45788
3.85747
4.23328
4.36745
4.35344
4.37591
4.05624
4.28247
4.34122
4.00905
4.40142
3.74279
4.45598
3.99885
4.47098
4.38685
4.05415
4.43122
4.34748
4.06723
4.3202
4.3848
4.18
4.39838
4.16159
4.17637
4.27007
4.49987
4.05716
4.09197
4.5003
4.31621
4.31665
4.27629
4.1968
3.93885
3.78861
4.16114
4.59837
4.43844
4.22438
4.3431
4.13174
4.15819
4.4911
3.94125
3.93383
4.26872
4.18136
4.40729
4.10532
4.33392
4.15004
4.05369
3.62189
4.09566
4.35954
3.87664
4.39408
4.09219
3.8207
3.93837
4.33823
3.72784
4.23169
4.04865
3.92859
4.33075
4.0999
3.7183
4.1979
4.3195
4.02882
4.12832
4.06922
4.18636
4.1291
4.50199
4.37416
4.2568
3.99661
4.29491
3.82536
4.03853
3.9546
4.07847
3.787
3.79206
4.33121
4.21028
4.24574
4.12241
4.32639
3.95069
4.0885
4.21202
4.11766
4.20729
4.00318
3.9388
4.28911
4.39311
4.15865
4.27051
4.20594
3.676
3.93088
3.87157
4.27027
3.62122
4.44506
4.45672
4.15987
3.75893
4.48437
4.29408
4.07034
4.37167
3.77083
4.42682
4.05506
3.99098
4.24108
3.78115
3.99208
4.10899
4.39079
3.90442
4.43245
3.93206
4.20845
4.17171
3.47609
4.5234
4.26672
3.74394
3.9874
4.35355
4.06448
4.05901
4.07798
4.22131
3.50864
4.20577
4.18757
4.42173
4.42534
4.00334
3.89663
3.95273
4.18908
4.21804
4.06778
3.6956
4.12337
3.97494
3.58784
3.93269
3.82396
4.22911
4.13525
4.27383
3.59362
3.61918
3.90645
3.90246
4.07467
3.95253
4.03842
3.83417
4.06477
4.22935
3.80891
3.90875
4.09647
4.06023
3.74955
4.17555
4.01124
3.64295
3.43302
3.81189
4.24365
4.30817
4.03747
3.76599
3.65234
4.24034
4.31255
3.75304
4.22779
3.73964
4.09324
4.06086
4.21451
3.97808
3.97647
3.89115
3.85415
4.13444
4.05582
4.13829
4.17807
4.09084
4.2317
3.86572
3.9686
3.80898
3.92916
4.02483
3.89098
4.28694
4.00127
4.13358
3.75833
4.13209
4.43088
3.97839
4.12879
4.11545
4.09378
3.60954
4.01978
3.95298
4.2578
3.81675
3.93812
4.18464
3.94586
4.20304
4.10718
4.24123
3.7938
3.96501
3.94985
3.78911
4.39556
3.84525
4.46062
4.20167
4.18411
4.07874
3.89791
3.95793
3.73928
4.1378
3.80488
3.88359
3.87526
4.18777
3.75415
3.95384
3.52928
4.03905
4.013
3.51154
4.08178
4.37083
3.78157
3.98874
4.06423
4.41522
4.16162
4.04258
3.47341
3.84646
4.26027
4.0283
3.66313
3.85716
3.90265
3.78429
4.04215
4.23668
4.13552
3.94411
4.0365
3.98966
3.86344
3.89325
3.77357
3.89514
4.3479
4.07153
4.05795
4.21064
3.7876
4.04608
3.91749
4.05698
4.41113
4.31686
4.01568
4.26614
4.12777
4.37913
4.34462
4.53711
4.16785
4.50317
3.66254
3.87851
4.61554
4.2555
3.97072
4.54535
4.46996
4.31589
4.17969
4.05689
3.69781
4.07137
4.28523
4.28547
4.47304
4.05474
4.53471
4.4279
4.36115
4.20157
3.85717
4.4906
4.14
4.21916
3.81741
4.3776
3.96923
4.09236
4.08896
4.22417
4.2458
4.20135
4.35808
4.38929
4.35088
3.8768
4.00488
4.70704
4.50404
3.91403
4.18394
3.90695
3.79588
4.17219
4.49073
4.52428
3.80539
4.14713
4.37357
3.90565
4.02622
4.59651
4.49659
4.28393
4.64963
3.99598
4.403
4.04053
4.05695
4.34223
4.42169
4.28048
4.31202
4.43918
4.45665
4.28778
4.42564
3.92684
4.77203
4.1656
4.23421
3.6705
4.183
3.96113
4.18772
3.62231
3.99749
3.5892
4.27834
4.30931
3.96406
3.97668
4.24469
4.13575
4.21607
4.03514
4.15033
4.06392
3.8704
3.99313
3.96741
4.58182
4.01352
3.85252
3.86652
4.17299
3.99664
4.23322
3.60174
4.02234
3.80022
4.10019
4.25584
4.0945
4.13202
3.87625
4.21191
4.01712
4.09104
4.14317
3.77377
4.18116
4.22574
3.93364
3.99333
4.48646
3.77632
3.97573
3.74377
3.67426
3.93927
3.33832
4.16362
3.75289
4.02278
4.29451
4.12678
3.78162
3.97589
3.97758
3.50026
4.30847
3.89922
4.05176
4.04138
3.9836
4.03338
3.98379
3.90692
4.01524
4.05581
4.00071
4.09237
3.77472
4.16012
4.00929
3.9888
3.92639
4.09057
3.92525
3.90823
4.07065
4.05637
3.8755
3.85375
4.13723
4.25765
3.5087
4.06295
3.91142
3.96121
3.89653
3.99802
4.08659
4.37129
4.04733
4.09077
4.00945
3.69549
4.11003
3.83066
3.76765
4.32258
3.69624
4.13855
3.9043
4.03792
3.63659
3.65561
3.54904
3.68386
4.2201
3.98496
3.95979
4.16517
3.93538
3.96482
3.88908
3.73692
3.52887
3.60781
4.03244
4.21938
4.03336
4.00507
3.87383
3.48814
3.97116
4.02279
3.76026
4.06996
4.1465
3.82653
4.35235
3.87944
4.26093
4.17525
3.77153
4.31649
4.28739
3.8452
3.66231
4.00553
3.68242
3.74393
3.835
4.15132
4.19834
4.11981
3.67705
3.9975
4.0581
4.17071
4.04568
3.66714
4.32208
4.24431
4.17977
4.27223
4.39471
4.56667
4.6448
4.03159
4.56839
4.25387
4.1203
4.21717
4.78388
3.74043
4.38459
4.20386
4.50315
3.68045
4.1209
4.34374
4.06698
3.98879
4.03984
3.95044
3.96016
4.06289
4.01168
4.17112
4.30796
4.34166
4.23342
3.91772
4.41697
4.50285
4.28386
4.43919
3.78148
3.96025
4.10549
4.09292
4.43046
4.06309
4.29417
4.31598
4.2692
4.29473
3.96843
4.58453
4.05255
4.06765
4.10994
4.11925
3.61428
3.82662
4.34416
4.20253
4.46808
4.26043
4.29806
3.95256
4.31529
4.49672
3.80522
4.30092
4.23993
4.25477
4.27257
3.97735
4.44292
4.43805
4.0558
4.11959
3.79988
3.88972
4.17773
3.92678
4.17562
3.69389
4.14076
4.52195
4.0193
4.00013
3.98211
4.30777
4.24276
4.12846
4.22374
4.14073
4.07048
4.07888
4.04614
4.1064
4.08545
3.8073
4.16167
4.28246
3.79406
4.46121
4.16966
4.06487
4.13651
4.29321
4.30578
4.04103
4.2937
3.91296
3.85591
4.12472
4.01821
3.82141
3.92379
3.68769
4.09483
4.00874
4.0874
4.13076
3.81266
3.95816
4.29925
3.8628
3.45281
3.94801
4.10568
3.7581
4.02314
4.219
4.22268
4.17288
4.50189
4.44308
3.91561
4.13093
3.94886
4.2409
3.88957
3.91242
3.82598
3.99705
3.84614
4.07688
4.27324
3.87709
4.28657
4.00675
3.66325
3.84266
3.94607
4.13499
4.33703
3.8964
4.01165
4.2756
4.66975
4.31333
4.43512
4.28603
4.50401
4.42819
4.08556
4.29312
3.83908
4.00883
4.42773
4.50091
4.17284
4.09183
4.23457
4.31979
4.13082
4.41571
4.32249
4.14374
4.42626
4.38999
4.14235
4.25595
4.18446
4.48991
4.32841
4.42597
4.0431
3.9723
4.12447
4.00324
3.98779
4.17258
4.08528
3.91487
4.36866
4.16578
3.82781
4.00011
3.79661
4.43431
4.31796
4.11971
3.67542
4.12838
4.26033
3.78314
4.14879
4.30652
4.36091
4.24762
4.5043
4.15972
3.60259
4.19659
4.28049
4.13867
4.18927
3.76332
4.32181
4.28164
3.45368
4.19961
4.43021
4.00587
4.2399
4.25951
4.09019
4.24356
4.32927
4.21145
4.19898
4.08543
4.40067
4.34162
4.29859
4.44533
4.54164
4.26834
4.12925
4.34353
3.8527
3.99525
3.95636
4.00746
4.24215
4.12607
4.06483
4.04627
4.10691
4.17303
4.16681
4.42187
4.01848
4.24628
4.02375
4.75851
4.11665
4.20127
4.40505
3.83449
4.02543
4.09307
3.94907
4.3035
4.09074
4.29434
4.34131
4.34799
4.31622
4.19982
4.26117
4.15852
4.10289
4.3572
3.72155
4.02374
4.03599
3.9457
4.02585
4.23725
4.56697
4.10805
4.41464
4.30497
4.38272
3.96425
3.78301
4.42925
4.03763
4.1157
4.07523
4.30802
3.90271
4.20166
3.60508
3.94602
4.34665
3.9232
4.03524
3.4978
4.6588
4.81533
4.51019
4.03554
4.1075
4.06684
4.02122
4.26585
3.77241
4.241
4.38949
3.93436
4.21674
4.24759
4.19557
3.97742
4.42006
4.08195
4.12955
4.13975
4.32007
4.22982
4.26878
3.98575
4.12204
3.78747
4.12861
4.07457
4.17999
4.30255
3.98416
4.15886
4.09266
4.30493
4.20621
4.1093
4.22516
4.05745
4.55004
4.00202
3.94929
4.31885
3.97798
4.21942
4.21769
3.79977
4.14926
4.4196
3.91943
4.11526
4.34895
4.31397
3.80226
4.23042
4.16504
4.18762
4.02448
3.98854
4.21011
3.67938
3.84525
4.09593
4.18575
3.91877
4.22217
3.88425
4.33732
4.10277
4.01923
3.6254
4.23888
4.33938
4.2937
3.96626
4.34979
4.18492
4.05615
3.69671
3.82988
3.7571
4.27567
4.19012
4.10538
4.47947
3.78206
4.1331
4.08389
4.24122
4.06013
4.02612
4.21831
4.03968
4.16101
3.97672
4.08737
3.6999
4.48095
3.9183
4.19561
4.10292
3.94362
3.85861
4.10258
4.07766
4.09234
4.23572
4.19874
4.2705
4.13841
4.13765
4.27385
4.08098
4.18563
4.16445
4.11876
3.57361
4.01413
4.50121
3.92433
3.92098
3.99638
4.40636
3.91816
3.83709
4.16275
4
3.83992
4.20001
3.84398
3.90169
4.13436
4.20251
4.19371
4.08955
4.57497
3.91527
4.22243
3.85547
3.87588
3.90772
4.23974
3.98369
4.31398
4.15113
4.09739
4.46279
4.06699
3.82552
3.9566
4.26216
3.74671
4.1106
4.15657
3.73973
4.26669
4.08661
3.90863
4.24741
3.9977
4.0612
3.98797
4.32766
4.39525
3.88119
3.955
4.35134
3.54661
3.94899
4.11623
4.27199
4.23805
4.16843
4.18296
4.25617
3.92639
4.07966
3.90683
4.19945
4.59204
4.04741
3.80064
3.90879
4.3782
4.15784
3.81086
4.01196
3.94068
4.1175
3.94823
4.13025
4.34569
3.95995
3.80119
3.65216
4.16915
3.90563
4.00198
4.05932
3.87582
4.3442
4.28019
4.1077
3.73868
4.38058
3.76423
3.80153
4.19564
4.32699
4.45053
3.93506
4.13253
4.1527
4.23927
4.1234
3.79122
3.87669
3.79186
4.065
3.83926
3.84724
4.48374
3.9691
3.87601
3.96623
4.27743
4.08441
3.97868
3.89027
3.5788
3.9772
3.75609
3.70281
3.30059
3.99741
4.15687
4.23644
3.806
3.68421
4.01659
3.6585
4.22965
3.85052
3.96551
3.97858
3.96273
3.99129
3.98838
3.5417
3.92418
3.7039
3.53647
3.75628
3.75023
4.02323
4.22097
3.82607
3.92555
3.75892
3.9838
3.76177
3.97937
3.90237
3.89826
3.93142
3.9988
3.68569
3.93275
3.80153
4.35768
4.14852
3.70981
3.85881
3.6041
4.01091
3.99344
4.00177
4.29783
3.78961
4.59566
3.69605
4.38484
4.46916
3.84172
4.12799
4.28558
3.89374
3.89231
4.05492
4.30891
4.21993
4.22113
4.28179
3.98548
3.85785
4.5606
4.29073
4.15483
3.74831
4.0785
3.99697
4.12685
4.0472
4.0285
4.09799
4.30531
4.39765
4.31113
4.29549
4.24071
4.00111
4.34649
4.33713
4.29067
3.89697
4.01452
4.16509
4.02339
4.08824
4.25661
3.66652
4.09602
3.78049
4.19169
4.29184
4.11347
4.87083
4.5857
4.01695
4.37755
4.4946
3.84428
3.62373
3.87218
4.06154
4.41161
4.15541
4.3971
4.37122
4.20093
4.28876
3.64528
4.20108
4.1973
4.21151
4.51086
4.34951
4.69819
4.41335
4.30627
4.14956
4.02622
4.53298
4.42903
3.86713
4.34779
4.29922
4.03485
4.38478
4.05899
4.12239
4.69772
4.08043
4.25177
4.24539
4.00013
4.47091
4.42806
4.43797
4.56875
4.44216
4.47074
4.26275
4.28512
4.212
4.43416
4.44094
4.38344
4.59534
4.33746
4.52447
4.26224
3.98994
4.41165
4.31008
4.35264
3.90419
4.16471
4.35031
4.31215
4.13106
4.53535
4.67879
4.1183
3.87354
4.73429
4.70769
4.24563
4.10762
4.06106
4.07255
4.57575
4.32599
4.43477
4.41709
4.21943
4.35343
4.08959
4.15326
4.56074
4.35407
4.40643
4.27599
3.89971
4.22964
4.1543
4.38012
4.09415
4.16652
5.0462
4.528
4.34761
4.13052
4.1334
4.2692
4.355
4.11774
3.98708
4.23322
4.34811
4.62087
3.91822
4.39458
4.00664
3.64439
4.23936
4.03084
4.36543
3.98264
4.09701
4.59205
4.33924
4.20655
4.53556
4.03777
4.68289
4.20467
4.07894
3.97196
4.15522
4.13525
3.98192
4.06062
4.44018
4.46746
4.02784
4.09005
4.94605
4.22108
4.16843
4.16891
4.42133
4.30456
4.22387
4.19512
4.28517
4.35641
4.21935
4.08764
4.37438
4.25845
3.83198
3.67684
4.37794
4.40028
4.15462
4.29488
4.22373
4.11304
4.06807
3.97462
4.00304
3.77741
4.2067
3.82602
3.52778
3.73948
4.17147
3.65376
3.92283
4.19822
4.13989
4.16186
3.81539
4.41849
4.0299
3.90491
3.87762
3.88467
4.01937
4.053
3.97625
4.10001
3.87957
4.2255
3.85923
3.89384
3.96742
3.97942
3.69503
4.1086
3.97644
3.83234
4.14047
4.28369
4.03107
4.62131
4.17239
4.19464
4.10195
4.1571
4.63955
4.12817
4.05919
3.93262
4.27572
3.58905
4.00563
4.05653
3.94498
4.02846
4.00956
4.0594
4.0672
3.98811
4.06085
4.1588
4.00156
4.16096
4.03279
4.05218
3.86013
4.39404
4.44578
4.20535
4.05298
4.18597
4.18501
4.42155
4.45226
3.91038
4.1009
4.35698
4.06913
4.06366
3.91085
3.8617
4.21884
3.86237
4.07804
4.75548
4.01859
4.1952
4.27431
3.98916
3.82526
3.98855
4.08874
4.31389
4.06453
4.09389
4.35796
4.60018
3.72286
3.57331
3.66446
3.99705
4.56688
4.34763
4.36672
4.1872
4.32545
4.28725
3.92024
3.94265
3.62861
4.17015
3.90501
4.3609
3.97746
4.22559
4.01655
4.35395
4.09346
4.17847
4.4076
4.05653
4.14201
3.83069
4.18846
4.03741
4.01471
4.37203
4.03775
4.16052
4.05546
4.24439
4.22449
4.20136
4.00034
4.51913
3.74055
4.44345
3.53045
3.97345
4.33326
4.21896
3.93585
3.73328
4.24102
4.08862
4.13335
4.30276
3.84817
4.06891
4.21045
4.47491
4.02198
4.37673
4.46511
3.94621
4.39289
4.44696
4.26021
4.03188
3.65823
4.00199
3.79783
4.10763
4.55689
3.90633
4.37631
4.18309
4.0581
3.97142
4.35187
4.36934
4.15264
3.94141
4.11171
4.19481
3.9553
4.0255
4.25698
4.29674
3.99874
4.13608
4.38432
4.11444
4.03371
4.11121
4.37933
4.19808
4.1388
3.94434
3.82737
4.49792
4.30066
3.94402
4.03856
4.3968
4.04833
4.39267
3.76126
4.49332
3.55681
4.41842
3.88712
3.87885
3.82845
4.71266
3.95441
4.41457
4.54146
4.08059
4.0433
4.16047
4.33742
3.67082
4.08459
4.18035
4.13939
4.49427
4.2351
4.18943
4.27415
4.42394
4.35827
4.03656
3.9137
4.56164
4.23083
4.36147
4.22148
3.98448
4.15956
4.01353
4.21908
4.07798
3.81753
4.69252
4.13272
4.0494
4.39113
4.0879
4.36637
4.0505
3.68801
4.46402
4.15188
4.49594
4.39932
4.25111
3.91859
4.18718
3.97143
4.19129
4.38177
4.31773
4.26271
4.14154
4.16694
3.86036
4.2625
4.256
4.23183
3.97482
3.90906
4.13944
4.32982
4.54379
3.68379
4.34132
3.90598
4.14286
4.24286
4.01006
4.11785
3.83415
4.04636
4.1459
4.38145
4.33894
4.20953
4.39305
4.22638
3.89258
3.722
4.17432
4.36128
4.19565
4.10531
4.15414
4.30809
4.14306
4.4255
3.80315
4.21213
4.31589
3.74167
4.31398
3.88943
4.18335
4.44612
3.72609
3.68787
3.69598
3.96918
3.64507
4.21835
4.33969
4.38255
4.09392
4.13742
3.84543
4.14559
3.94861
3.93808
4.26079
4.24293
4.08999
4.5011
4.19966
4.22921
3.79345
4.33953
3.77546
4.08191
3.93689
4.14342
3.72344
4.08469
3.93828
4.09092
3.96053
4.33241
3.98618
4.32901
4.22962
3.77483
3.87437
4.03745
4.26071
3.7861
4.17732
4.0063
3.95282
4.24758
4.07166
4.39851
4.0096
4.25507
4.11261
3.93115
3.96689
4.14874
4.33566
3.89227
3.91087
4.21248
4.43622
3.70269
3.8585
4.27859
3.90069
4.07885
4.26806
4.33901
4.2448
4.08962
3.82701
3.81535
4.04038
3.5987
4.11515
4.02608
3.83868
4.03726
4.075
4.07088
4.49441
4.21445
3.87055
4.1544
3.78003
4.19993
3.92141
4.02809
3.76182
4.3133
3.93257
3.81553
3.97888
4.26619
4.46664
4.01331
4.16705
4.24248
3.74922
4.31921
4.24884
3.95
4.22442
4.23991
3.81515
3.93861
4.17028
3.83726
3.64196
3.99256
4.13382
3.5771
3.07537
4.21909
4.1619
4.08251
4.1467
4.20425
3.67777
3.89983
3.98461
4.1487
4.06222
3.87547
3.84452
3.88654
4.04198
4.1319
4.08584
3.66307
4.01974
4.53136
4.38985
4.07121
3.72955
4.21069
4.32996
4.39332
4.19546
4.37704
3.75507
4.1561
4.1154
4.2233
4.72496
4.03088
4.41884
4.41034
4.14219
4.38097
4.06288
4.4241
4.25847
4.47763
4.30754
3.88173
4.27731
4.47045
4.18158
4.1741
4.14377
3.81762
4.01086
4.23067
4.42694
3.60518
4.23618
4.27448
4.24974
3.84048
4.5963
4.59916
4.04102
4.35606
4.19011
4.21655
4.01282
4.00668
4.08725
4.17152
4.14265
3.74503
3.99821
4.27332
3.85814
4.11944
3.7172
4.41514
3.83331
4.25035
3.70956
4.09921
4.54169
4.08165
3.92761
4.0046
3.94071
4.02994
4.09219
4.179
4.15451
3.72937
4.15879
3.94666
3.92569
3.59487
3.91755
4.41017
4.14183
3.98852
4.0002
4.04242
4.30582
4.29017
4.25137
4.54093
4.01446
4.37963
3.59725
3.67788
4.51192
3.85316
4.1538
4.19532
4.07424
4.10705
4.34881
4.21436
3.92434
4.14979
4.09452
4.73686
3.66801
3.93437
4.35951
4.38575
3.95453
4.11338
4.48157
3.91499
4.23499
3.79807
3.78802
4.46242
4.21606
4.29912
3.58436
4.37946
4.25785
4.12118
3.76154
4.18749
3.97833
4.14736
3.71243
4.08856
3.74815
4.44616
4.19045
3.97367
4.02832
3.78991
3.8918
3.69155
4.16593
4.24871
3.92867
3.80671
4.09637
4.15889
3.99525
4.27147
3.9889
4.30052
3.84317
4.12865
3.90162
4.59683
3.79127
4.21595
3.73741
4.25259
4.38599
3.87469
4.108
4.05047
4.2346
3.64784
4.25275
3.90537
4.21391
4.18274
4.0785
4.5775
3.74494
4.00803
3.91511
3.9202
4.22206
4.32011
3.93314
4.27615
3.9213
4.33494
3.61046
4.6706
4.0045
4.33798
4.02578
4.03126
4.17713
4.34636
4.25806
4.02317
4.13134
4.42989
4.01543
4.2232
4.06384
4.11352
4.30564
4.28768
3.99957
4.29098
4.33979
4.19813
3.84926
4.26382
4.38484
4.60457
4.09185
4.26217
3.89643
3.87423
3.89573
4.58966
4.07901
4.32658
4.16235
4.35511
4.46452
4.02367
4.23818
3.87291
3.88277
4.24446
4.00036
4.5798
3.88442
4.20599
4.63765
4.08784
4.0122
4.55083
4.17037
4.35479
4.18234
4.1325
3.96252
4.09893
4.17632
4.01116
4.36051
4.06607
4.23303
3.99247
4.45678
4.04432
4.04314
4.17121
4.06153
4.05803
4.139
3.91412
3.94197
4.47933
4.25997
4.00245
3.98799
4.21806
4.01636
4.22377
4.36094
3.72706
3.96579
4.42613
4.24056
4.22468
4.22271
4.30936
3.62391
3.76018
3.97372
4.25936
3.83077
4.09915
4.18341
3.97073
4.13093
3.90242
3.95789
4.1605
4.06575
3.93318
4.08958
4.44508
3.93272
4.23336
4.07646
4.28217
4.35255
3.90497
4.33578
3.92766
4.222
4.12721
4.38563
4.10621
3.9917
3.96588
4.38636
4.27472
4.11262
4.37455
3.97138
3.87499
3.76605
3.45808
4.22516
3.97151
4.30035
4.3879
4.16957
4.04878
4.11271
3.86458
4.54214
3.93862
4.35593
3.95092
4.18308
4.67147
3.76266
4.14414
4.20946
4.24344
3.76292
4.36269
4.23968
3.78805
4.0223
4.2034
4.38767
4.13366
3.98475
4.21011
4.51235
3.72348
4.23404
3.60924
3.75414
4.33317
4.05788
4.44756
3.73481
4.18537
4.24543
4.14785
3.77743
4.0991
4.265
4.49525
4.15736
3.73618
4.45516
4.42811
4.06351
3.92344
4.08901
4.05807
4.10354
3.81075
3.79513
3.96034
4.17472
4.26169
4.28857
4.53872
4.34978
4.32044
4.07799
4.09108
4.35712
4.26447
4.14542
4.33542
3.97481
4.2289
4.14
4.13976
3.88931
4.28367
4.01052
4.14767
4.30127
4.15241
3.90464
4.20423
4.21016
4.42236
3.86475
4.051
3.97954
4.2421
3.82579
4.47902
3.85081
4.17891
4.15556
3.93312
4.09419
4.06586
4.03403
4.07994
4.29662
4.02429
4.25761
4.44361
4.06134
3.9442
4.81055
3.80919
3.88632
4.04643
4.33095
4.47401
4.07196
4.0769
3.87897
3.79428
3.93824
4.04588
4.27933
4.10996
4.23523
4.36842
3.98996
3.6945
4.26361
4.20409
4.29066
4.23598
4.11494
4.31106
4.11802
4.27327
3.8428
3.79042
4.34075
3.86739
4.29105
4.32013
4.01118
3.95839
4.31834
4.12032
4.11312
4.12156
3.97508
4.21715
4.20248
4.29796
4.40737
4.13256
4.43652
3.76028
4.02724
4.12574
3.86203
4.19172
3.96445
3.9826
3.82541
4.30778
4.52541
3.85822
4.10863
4.14783
4.17369
3.84826
4.2
4.10222
3.59884
3.8756
3.98654
4.24285
4.01794
3.89358
4.43131
4.26554
4.22635
4.02925
3.82875
3.87586
3.99645
4.18282
4.17573
4.0098
4.32373
3.96387
3.90522
3.69623
3.94595
3.96332
4.0719
4.18866
3.98382
3.74206
4.10417
3.73469
3.78945
4.03151
4.05643
3.55252
4.1673
3.99481
3.43137
4.07616
3.89523
3.89466
4.43406
4.2654
4.20793
4.16987
4.06813
3.9832
3.6793
3.80834
4.36094
3.93309
3.92146
4.07553
3.97445
4.21069
3.8471
3.95807
4.10227
3.89884
4.27436
3.81924
4.29328
3.72126
4.06386
4.02115
3.91635
3.91274
4.19894
3.91835
3.96504
4.52439
3.95959
4.34777
4.2342
4.28127
3.99432
3.96018
4.42992
3.79586
4.0874
4.12172
3.91347
3.97028
4.40109
3.89372
4.47037
3.83175
3.8189
3.8292
3.83828
4.11524
4.18264
4.17273
4.29245
4.02139
4.04724
4.38539
4.14085
4.04999
4.51566
3.88097
4.03127
4.14804
4.31626
3.78276
4.25199
4.13164
4.05831
3.84202
3.82846
4.00773
3.83157
3.97968
4.2564
3.96101
3.83204
3.9697
3.87666
4.23696
3.89392
3.93796
3.83064
4.03468
4.13078
3.52831
4.34151
4.10833
4.07039
3.79747
3.62122
4.10454
4.42324
4.03536
3.7524
3.92798
4.10971
4.05533
3.73357
4.13197
3.95379
3.8044
4.09868
4.21087
4.24706
3.71882
3.44414
4.12414
4.41908
4.1298
4.12977
3.65244
3.86038
4.15599
4.11673
4.0161
3.80345
3.9586
3.96282
3.78252
3.57324
4.17365
4.3018
4.05595
4.25006
4.33729
4.50283
3.93122
4.21449
4.31305
3.78976
3.97022
3.67072
4.07167
4.29888
4.47723
4.50804
4.24025
3.85301
4.0142
3.85558
3.7776
4.23904
4.025
4.01553
4.08393
4.15824
3.96119
4.13269
4.03259
4.03138
4.12541
3.90074
4.2983
4.29593
4.07132
3.8212
4.18231
3.98647
3.91562
4.50248
4.01438
4.44829
4.24329
4.07909
4.10206
3.48131
3.93018
3.9046
4.66583
3.70298
4.13393
4.10065
3.91103
3.82998
4.09842
4.0036
3.91152
4.26972
3.95918
3.98981
3.90059
3.87024
3.94487
4.01912
4.09215
4.31815
3.86782
4.27358
4.01578
3.50897
3.72119
4.02317
4.14406
3.95441
4.25572
4.15586
3.80097
3.83314
3.80618
3.76613
3.92194
3.89795
4.28439
4.37238
3.95564
4.03159
4.02098
3.98876
4.26286
3.82086
3.8973
4.46194
4.11101
4.08532
4.46761
3.75463
4.13357
4.27545
4.07986
4.12921
4.07675
3.87128
4.3676
4.25331
4.01697
3.95506
4.24042
4.22287
4.38602
3.83567
4.24131
4.36899
3.96573
4.14954
4.21007
4.25912
3.91653
4.18415
4.10548
4.13621
4.2505
3.82901
3.91678
3.98431
4.2865
4.4882
4.75804
3.70447
4.33241
4.13599
4.17134
4.20899
3.91131
4.16879
3.91778
4.06732
3.67615
4.21563
3.77418
3.97695
4.14009
4.12764
4.18055
4.10951
4.0007
4.28555
3.95871
3.78347
3.53916
3.84309
3.93648
3.72963
3.90286
3.93721
3.67789
4.12382
4.06244
4.13385
4.08198
3.79831
4.06128
4.0338
3.5438
4.04921
3.89019
3.99949
3.64498
3.81081
4.04694
4.05463
3.99158
3.63634
4.0934
4.40634
4.10365
4.30153
4.19586
4.52391
4.47829
4.23915
4.57097
3.96873
4.38957
4.06921
4.09556
4.2264
4.0477
3.74923
3.79993
4.08205
4.14431
4.66038
3.85366
4.65643
4.57872
4.41826
4.31083
3.99766
4.66292
4.07193
4.13728
4.36971
4.59016
3.882
4.41957
4.2583
4.11355
4.45709
4.28703
4.51817
4.47389
4.11811
4.5672
3.98916
4.50544
4.40432
3.90046
4.33033
4.37441
3.99261
4.16667
4.23323
4.11893
3.99356
4.15471
4.26041
4.18654
4.16182
3.90283
3.98743
4.56643
4.18757
3.85989
4.14623
4.26727
4.17766
4.01846
4.40942
4.60005
4.39068
4.26937
4.17301
4.18584
3.84695
4.28759
4.24477
3.66376
4.22488
4.11991
4.04704
4.58032
4.07338
3.71558
3.62361
4.06043
3.95674
4.0802
3.88993
3.95404
3.67367
4.33718
3.96098
4.01499
3.68534
3.68095
4.6406
4.09932
4.05537
3.52954
4.21173
4.09451
3.79196
3.95151
4.21401
4.1413
3.7695
4.27123
4.24377
3.87569
3.99295
4.00027
4.50007
3.84783
3.98259
4.00439
4.22517
3.78116
4.11866
4.25241
3.97165
4.08177
3.94581
3.54798
4.04542
4.23921
3.71942
3.74726
3.93016
3.68255
4.00043
4.01749
4.1371
3.93803
4.19724
3.83715
4.08304
3.98346
3.77953
3.82681
3.90829
4.0855
4.1658
4.01333
3.95212
4.31058
4.28004
3.99199
4.12506
3.70064
4.16667
3.73774
4.1498
3.84477
4.09756
3.82795
3.92114
4.62325
3.89018
4.2006
3.86971
3.9037
4.42361
4.1846
3.68808
3.78371
4.08273
4.53421
3.98257
4.48873
4.12106
4.40631
4.02294
4.23689
4.15175
4.11509
3.90545
3.92454
4.08347
4.11733
3.66179
4.29279
4.17758
4.34891
3.9179
4.07663
4.43897
4.28814
4.20693
4.13045
4.03422
4.50847
3.91605
4.12921
3.7912
3.95804
3.95562
3.63062
4.04273
4.19422
3.76306
3.79997
4.14095
4.33053
3.74992
3.95776
4.0203
4.26778
3.95756
3.90126
4.28539
4.21576
3.95769
3.99605
4.42931
4.44735
3.76843
4.15223
3.82153
4.10838
4.05649
4.32401
4.18308
4.35619
3.89604
4.09028
3.68428
4.01288
4.20117
4.0785
4.68655
3.84761
4.01404
3.85896
3.98828
4.03699
3.7049
4.01629
4.18925
3.76244
4.27444
3.896
4.09332
3.58421
3.81586
3.68478
3.52767
3.53418
3.91184
4.01924
4.0054
3.88867
4.10104
4.00894
3.97747
4.04227
4.24582
4.31285
3.65947
4.12891
4.16348
3.65154
3.94413
3.60721
3.98579
4.26028
3.79818
3.78289
4.00078
4.02646
3.79441
4.24418
3.85426
4.05989
4.31519
3.97815
4.10916
4.44299
4.18274
3.61538
3.82172
3.92815
4.01717
3.92832
4.2364
4.04016
3.94649
4.35344
4.08409
4.25872
3.87518
4.05483
4.11157
4.0963
3.98418
3.87774
3.87405
3.69921
4.0528
4.19936
3.5848
4.27776
3.95383
3.83539
4.13123
3.85811
4.23679
4.25872
4.06334
4.34902
3.82744
4.2548
4.17385
4.14167
4.53402
3.46417
4.08598
4.17609
3.94226
4.15814
4.48727
4.36164
3.95905
4.18049
3.9683
4.19804
4.44771
4.15071
3.80684
4.27561
4.08892
4.287
4.56005
4.43605
4.45311
3.96868
3.99417
4.6001
3.81858
3.92713
3.83895
4.09613
3.93675
4.06342
3.71628
4.22435
4.17117
3.93975
3.95812
4.03541
4.08428
3.92762
4.48332
4.40302
3.84707
4.07052
3.76391
3.98248
4.18418
3.39629
4.09177
4.16728
4.00626
3.87235
3.96869
3.90878
3.86892
3.96577
3.97297
3.9136
3.58693
4.00854
4.19889
4.07657
4.0165
3.84708
3.94302
3.95603
3.94623
4.44696
4.13047
4.53178
4.23972
3.83258
4.19945
4.01749
4.00352
4.14456
4.521
3.88649
4.40316
4.03336
3.93711
4.12979
4.37833
3.99252
3.80848
3.30947
3.96539
4.25306
3.65471
4.48546
4.4607
4.22468
4.15391
4.09266
4.38559
4.32011
3.85728
4.23856
3.95894
4.31197
4.20496
4.17152
4.51594
4.17469
3.69421
4.12273
4.24029
3.85473
4.30025
3.63257
3.92447
4.36096
4.2796
4.36988
4.0011
4.00205
4.23279
4.21924
3.94352
4.47491
4.03278
3.87912
4.10258
4.34548
4.41774
4.12973
3.89218
3.99299
3.91466
3.70967
4.45576
4.25092
4.00164
4.11197
4.06822
4.29677
3.96889
3.77005
4.31568
4.33095
3.87136
4.68853
4.0928
4.00387
4.10333
3.97452
4.02039
4.2118
4.19534
4.08062
4.27325
3.89362
4.42226
4.16929
4.43729
4.33903
4.61318
4.34803
4.17414
4.86995
4.04657
4.34766
4.38798
4.14293
3.90575
4.21019
4.22292
3.78797
4.13772
4.13798
4.43185
4.11718
4.15803
4.55117
4.19634
4.41827
3.50235
3.8674
3.64154
4.29055
3.82328
4.07072
3.83863
3.96111
4.23419
3.6961
4.14779
3.95546
4.47249
3.93515
3.84378
3.96741
3.89601
3.73711
4.38404
3.88118
4.2327
4.03094
4.04973
3.22061
4.05938
3.817
4.01748
3.89419
4.1863
4.54971
3.69233
4.55797
4.12285
4.2059
3.88773
4.21707
4.01884
3.85817
4.192
3.64125
3.92621
3.74994
4.09053
3.90786
4.11268
4.00381
3.76973
4.10927
3.66725
3.9131
4.00217
3.97507
4.21713
3.60652
4.13268
4.1371
3.9552
3.84581
4.16173
4.09614
3.95579
4.18779
4.1631
3.95465
4.25786
4.38794
3.72095
3.67967
4.01992
4.16539
3.60525
3.94322
4.01965
4.08914
4.01447
3.75464
3.88919
4.03904
4.37066
3.875
4.21329
4.1765
4.69789
4.14161
4.03152
4.41866
4.01348
4.0903
4.13677
4.33043
3.7709
4.20918
4.29722
4.1453
4.1273
3.98919
4.59067
3.78257
4.02587
4.06367
4.12548
4.08969
4.07051
3.81979
4.4802
3.58083
4.06117
4.40856
4.40695
4.20661
4.44338
4.4425
4.1672
4.1938
4.51853
3.6132
4.02775
3.99512
4.34672
4.14396
4.14795
4.13983
4.00403
3.99841
4.2378
3.8737
4.151
3.98327
3.81198
4.23639
4.18681
3.83892
3.92294
3.59727
3.82838
3.73028
4.09227
3.94839
3.86504
3.84437
3.86605
4.33004
3.84585
4.09289
3.73536
3.39749
4.27672
4.10054
3.87241
4.36843
4.39911
4.44345
3.79855
4.02529
4.33489
3.99241
4.40028
3.31889
3.97487
4.25799
3.89447
4.34326
3.62093
4.19311
4.23576
4.03801
3.81327
4.19285
4.19963
3.93329
4.13131
4.35041
4.61129
3.8435
4.4649
4.32927
3.88274
3.83239
3.94841
3.95829
4.08852
4.31003
4.15824
4.05247
3.95438
4.09064
3.97829
4.21839
3.74245
4.237
3.79266
4.23489
4.43124
4.55161
3.85599
4.21451
4.05234
3.47216
4.35489
3.80303
4.17927
4.03157
3.96691
4.30682
4.07844
4.18633
4.13828
4.3787
3.77904
3.78713
4.04338
4.01483
4.13697
3.54835
4.23461
4.16254
4.00693
4.12489
3.94163
4.30751
4.01112
4.10591
3.60277
3.72503
4.08412
4.37049
4.09566
4.16083
4.65618
4.23023
4.14231
4.00299
4.29822
4.11
4.10632
4.42015
4.02691
4.17076
3.93488
4.18835
4.26127
4.01508
4.04573
4.39594
4.34599
4.42801
4.20177
4.58664
4.48848
4.45672
3.84215
4.32204
4.34419
3.91378
4.43155
4.1622
4.38569
4.33835
3.79369
3.95504
4.26565
4.17632
4.00185
4.34496
4.18075
4.24513
4.12879
4.09829
3.64229
3.89589
4.01524
4.19242
3.94975
4.3789
4.6321
3.94619
4.26222
3.76271
3.80794
4.16543
3.92513
3.64586
3.99854
4.25913
4.17231
4.15574
3.95695
4.1483
3.87698
4.24316
3.97245
4.03819
4.34353
4.52072
4.32987
3.80104
4.24725
3.79873
4.14451
4.50739
4.10303
4.225
3.82173
4.23976
3.88581
4.11957
4.03972
4.04056
4.28373
4.20379
4.18861
4.46689
4.30276
4.23157
3.68282
3.91721
3.86067
4.39658
4.12479
4.19362
3.81059
3.86359
4.01468
4.14297
3.85407
4.01567
4.47702
4.06969
4.20915
4.17154
3.77274
3.88381
3.96731
4.14335
4.14227
3.97538
4.2516
4.11357
4.16616
4.27362
3.75079
3.9691
4.10166
4.19458
3.9703
3.98854
4.23597
4.16151
3.98107
3.8116
4.07999
3.87074
3.62095
4.17936
3.89347
4.0006
4.48011
3.87265
4.36071
4.36158
4.01495
3.82336
4.26924
4.22749
3.95276
4.02473
4.15854
4.09537
4.20004
4.47288
4.10409
4.01638
3.70226
3.94645
3.86436
3.56385
4.24541
4.43081