12.5452
12.847
12.5653
12.7087
13.4683
12.5954
13.2384
12.8866
13.1487
12.9261
12.8412
13.1922
12.8943
12.836
13.2318
12.9808
13.0417
13.2567
12.8169
12.8299
12.9321
13.1263
12.775
12.6931
12.604
13.2612
13.1045
12.7817
12.964
13.3121
13.1335
13.1938
12.7948
13.2223
13.2371
12.2627
13.1541
12.6307
12.8676
12.7504
13.2125
12.9164
13.4196
12.9367
13.007
12.7289
13.1221
12.7
12.8601
13.0684
12.9618
12.8781
13.1542
13.5346
13.1752
13.1547
12.8471
12.8204
13.0954
12.9814
12.6048
12.944
12.8606
13.2659
13.2135
13.0794
12.9789
13.1939
13.0763
12.9125
13.4563
12.8968
13.2455
13.1506
12.7819
12.8267
13.0417
12.8595
13.2394
13.0429
13.1211
12.4394
12.9659
13.3594
12.9854
13.0398
12.8561
13.0618
13.1278
13.1641
12.9459
12.8018
12.7361
13.2739
12.6057
13.0347
13.2596
12.8146
12.9405
12.7096
12.5
12.9122
13.0922
12.931
12.9112
12.4675
12.752
12.8324
12.3536
12.8365
12.8988
12.9808
12.4355
12.7807
13.0638
13.1208
12.6525
12.925
12.9801
12.6171
12.7798
12.7166
12.4814
12.7839
12.9595
12.852
12.9313
13.0541
13.401
13.0936
12.2005
13.1497
13.1144
12.9148
13.2154
12.4828
12.9112
12.5262
12.9892
12.9621
12.5564
12.4587
13.0766
12.9104
12.9301
12.3351
12.8071
13.0708
12.9717
12.61
12.5968
12.8556
12.4942
12.8849
12.8338
12.5291
12.9091
12.9484
12.8931
12.3948
12.7115
12.7027
13.0405
12.4629
12.9223
13.0506
13.26
12.6003
12.7279
13.0579
12.7622
12.486
12.7329
12.8919
12.9166
12.7524
12.318
13.0986
12.7952
12.9662
12.8321
13.1953
13.0956
13.0057
12.9772
12.8191
12.9858
12.6598
12.7522
12.5879
12.679
13.1394
12.7181
12.9381
12.5479
12.6843
12.6986
12.6515
13.301
13.1833
12.9484
12.8887
12.7129
13.1993
13.0836
12.6911
13.1981
13.1735
13.3164
13.1979
12.8952
12.772
13.189
12.5162
13.1841
13.2269
13.0404
13.1508
13.2618
12.6361
13.0648
13.3105
12.7529
13.0528
13.3483
13.1784
12.8409
13.0485
13.1923
12.9566
13.2259
12.8147
13.2597
13.0778
13.0061
13.0111
12.8399
13.1811
12.7184
12.8339
13.0712
12.9292
13.2808
13.0607
12.705
13.6977
12.8132
12.9193
13.1059
12.7343
12.9624
13.0492
12.7554
12.9745
13.0831
12.5095
13.2522
12.754
12.6707
13.3758
12.9035
12.9895
12.5376
13.3189
12.9499
13.4377
12.9381
13.1699
13.5441
12.5807
12.8691
12.8453
12.7679
12.8253
12.8417
13.1644
13.0246
12.6506
13.0243
12.6707
13.3725
13.1101
13.086
13.5154
13.2266
13.0883
12.9624
12.9039
12.665
13.2725
13.3661
13.1553
12.9423
13.0202
13.2292
13.0862
12.5966
12.7828
12.6632
13.1978
12.6432
12.6823
12.8204
12.7633
12.7261
12.8531
13.0491
12.5428
12.7303
13.1121
12.6985
13.295
13.1515
12.5281
12.9189
12.7162
13.2712
12.9425
12.9109
13.1435
13.0985
12.7822
13.1535
12.6722
12.7284
12.7239
12.8452
12.8935
13.0931
12.8468
12.4516
13.2103
12.4263
12.8583
12.7051
12.57
13.1146
12.8722
13.0603
12.6533
12.7659
12.8389
12.6252
12.7998
12.8513
12.8732
12.9587
12.8899
12.523
12.936
12.4445
12.8799
12.6102
12.2908
12.9564
12.9254
13.0339
12.6633
13.2111
12.9163
13.0191
13.3218
13.1602
12.9306
12.7943
12.6007
12.8673
12.4895
13.1944
12.8336
12.6432
13.1009
12.7666
12.81
12.9838
13.0742
13.2193
13.0309
12.7806
12.6796
12.5613
12.6679
12.8372
12.5207
12.8475
12.9453
12.9244
12.6924
12.855
12.8089
12.9961
12.8802
13.5636
13.2348
12.9833
13.2629
13.0813
12.7159
12.7037
12.9522
13.1261
13.1253
13.2758
13.3931
13.1689
12.772
13.1819
13.1364
12.9387
12.9558
12.9622
13.1761
12.8113
13.195
13.3863
12.6648
13.2858
13.21
13.1995
13.0822
13.0756
12.6672
13.1522
13.1114
12.9049
12.8022
13.0821
12.8432
12.9285
12.8713
13.0497
12.7389
13.2374
13.0787
13.1701
12.9275
13.0786
12.779
12.7742
13.3464
13.1576
13.086
13.0803
12.9546
13.1993
13.2026
12.5114
12.9878
12.8695
13.3951
13.0255
12.7796
12.8969
13.3159
13.3662
13.1294
13.2253
13.0293
13.0487
13.0843
13.121
13.1638
13.2297
13.1081
12.5491
13.3833
13.0535
12.863
13.0592
13.1715
12.753
13.2857
12.6583
12.496
13.0024
12.9299
12.7377
13.1295
13.3165
13.268
13.1861
13.3864
13.3079
12.9793
12.7983
12.4189
13.1168
12.9156
13.4853
13.0397
12.8162
12.7426
12.5485
13.147
12.7773
12.9981
13.1818
12.89
12.877
13.1749
13.1182
13.0428
12.9456
12.9315
12.6678
12.7427
12.9733
12.6615
13.325
12.9612
13.062
13.0254
12.6782
13.2986
13.042
12.833
12.7872
13.1386
13.0756
12.6492
12.79
12.918
12.8475
12.8137
12.9697
13.0793
12.8475
13.0989
12.9015
12.8251
12.9949
12.8761
12.9285
12.8785
13.0343
12.8241
13.0367
13.0582
13.3341
13.2268
12.6953
12.9974
12.9428
12.5565
13.0716
12.8616
13.1389
13.1616
12.9083
13.0055
12.8416
12.7634
12.6769
12.9095
12.6261
12.8318
12.7981
12.7209
12.9649
12.7975
13.1634
13.0103
12.8357
12.3557
13.1036
13.1233
12.5483
12.6982
13.2253
12.4958
12.912
12.7337
13.1447
13.1048
13.1507
13.1176
13.0478
13.0221
12.8221
12.8781
12.9505
12.8858
12.6422
12.8976
13.1501
12.6555
12.9289
13.0413
12.9263
12.9105
12.7584
12.7553
12.8869
12.991
13.0183
12.3105
12.478
12.8567
13.0072
13.1318
12.939
13.1993
12.58
12.7623
12.8928
12.8197
13.0467
12.7461
12.8906
12.7985
13.0731
12.3792
12.8025
12.9392
12.7726
12.8037
12.6682
12.8019
12.6943
12.8935
12.9593
12.4789
13.0786
12.8359
12.5066
13.1233
13.3597
13.1223
12.8468
13.1258
12.7105
12.9581
12.8739
12.5417
12.8653
12.8863
13.3905
13.3358
12.8331
12.7843
12.8989
12.8074
12.983
12.7568
12.9365
12.743
12.5505
12.8533
12.4045
13.1544
12.9184
13.0106
12.962
13.2207
12.5948
13.194
12.6022
13.2185
12.8651
12.5573
12.8283
13.179
12.7999
12.6176
12.502
12.5657
12.9747
12.8879
12.7738
13.092
12.7394
12.876
12.9392
13.4065
13.0414
13.1235
13.3134
13.0232
13.148
13.0982
13.2047
13.321
12.8476
12.7244
13.2949
13.1166
13.2297
12.8935
13.1761
13.2439
13.0403
13.156
13.0601
13.1525
13.1707
13.1519
13.0818
12.8489
13.3298
13.3985
13.1671
13.1392
12.7394
13.0666
12.9027
13.0788
12.8728
13.1821
12.9162
13.254
12.9672
12.9488
13.3101
12.7898
12.8215
13.5571
12.8318
13.169
13.1474
13.0897
13.3585
13.4082
12.6537
13.5495
12.6828
12.9228
13.1049
12.9429
13.2759
12.9565
12.918
12.9371
13.0066
13.0746
12.8021
12.9779
13.0373
12.9923
12.7566
12.7731
12.913
13.0246
12.8008
12.9643
13.1052
13.429
13.0195
12.898
13.3291
13.234
13.5708
13.3886
13.0797
13.226
12.6249
13.2435
12.8275
12.8058
13.1081
13.3374
13.1812
12.9307
12.8594
12.876
13.154
12.9973
12.6984
12.8383
13.0589
12.7574
12.7576
12.9781
12.6866
12.6717
12.8465
12.8191
12.716
13.3332
12.6205
12.8165
12.7045
12.7645
12.9831
12.9909
12.8833
13.0153
13.2981
13.1203
12.5075
13.367
12.9174
12.9329
13.2033
12.5557
13.1318
12.8226
12.8676
12.7389
12.7025
12.6704
13.0398
12.9659
13.0875
13.0322
12.8803
13.0089
13.0184
12.7239
13.2288
13.3063
13.1609
12.9415
13.0307
12.9284
12.7346
12.8175
12.9261
12.7886
12.9059
12.9032
12.8079
12.9213
12.8368
13.1648
12.8556
13.1677
12.8507
13.0639
12.7676
12.9332
12.8822
12.8845
12.7074
12.3578
13.1201
12.928
13.3036
12.82
13.179
12.995
13.1287
12.8434
12.6041
12.5798
13.1136
12.753
12.467
12.5307
12.6275
13.1256
13.0692
12.6647
12.5676
12.5792
13.1802
12.946
12.8448
12.8535
13.3493
13.2924
12.8364
13.3781
13.0547
13.1395
13.1525
13.2772
12.9493
12.7367
13.2777
12.7479
12.9712
13.4808
12.8572
13.1256
13.4593
13.0245
13.1165
12.5936
12.4778
12.7653
13.0142
12.7451
13.1863
12.8305
12.8592
12.8934
13.1442
13.0068
13.4255
12.6963
12.7812
13.1409
12.6655
12.9913
13.1315
12.9897
13.4193
13.0526
13.084
13.4315
13.275
13.2689
12.927
12.8112
12.8731
13.101
12.9284
12.7767
12.5989
13.1781
12.9956
13.1174
12.9401
12.767
13.1956
12.6228
13.0104
13.2236
12.791
12.6984
13.1843
12.5538
13.1569
12.7532
12.8806
13.2841
12.5559
13.1487
12.871
13.1869
13.081
13.3321
13.0713
12.6208
13.0829
13.2909
12.6912
12.7917
13.1862
13.2265
13.2052
13.0572
12.6965
12.8009
13.0401
12.7777
13.2272
12.6647
13.2212
13.0349
13.0727
12.86
12.9085
12.2997
13.1259
13.0627
12.5683
12.7828
13.0019
12.3938
12.4794
13.0379
13.2066
12.6833
13.2242
13.1466
12.9225
12.7329
12.7124
13.1917
12.9291
13.5251
13.1082
13.0292
12.5272
12.4986
13.0534
13.3537
12.8508
12.8548
12.5473
12.9669
13.2637
12.7891
12.9166
12.8228
12.6804
13.1868
13.2403
13.3152
13.2035
13.152
12.9729
13.1157
12.7
12.5851
12.8865
12.9819
13.2097
13.0809
13.343
12.8277
13.2979
12.8289
12.3757
13.2233
13.1616
12.8149
13.0387
12.9535
12.6309
12.7281
13.0999
12.6315
13.2706
13.3116
12.7106
12.8815
13.0544
12.6507
13.2008
12.675
13.2713
13.2551
12.8701
12.8453
12.8948
12.7528
13.104
12.6278
12.8605
13.1214
12.7993
13.2524
12.4983
12.9574
13.2065
12.733
13.3199
13.0106
12.9077
13.0815
12.9206
12.7797
12.586
12.47
12.7568
13.0371
12.6533
12.9231
12.6542
12.7441
12.693
13.0496
12.8912
12.7151
13.0114
13.0411
13.314
12.9272
12.4553
13.0905
12.7806
12.8265
12.925
13.1895
12.3509
12.662
13.0924
12.6461
12.4301
12.9867
12.367
12.7343
13.2517
12.9773
13.2508
13.3059
12.3407
13.0638
12.4267
12.7101
12.9066
12.7761
12.7691
13.1526
12.7925
13.5173
12.8083
12.8845
12.9741
13.1635
12.4608
13.0583
12.9452
12.6223
13.1191
12.8352
12.4952
12.8316
12.7128
13.0613
12.5882
12.8916
12.3377
12.7799
12.8537
12.8253
13.0388
12.2364
12.8664
13.0724
12.8031
12.8918
12.8599
12.9036
13.1027
13.021
12.7913
12.8637
13.1724
12.668
13.0357
12.6107
12.9007
13.23
12.7983
13.1192
13.0703
13.1713
12.9381
13.104
12.7516
13.1874
12.7849
13.1101
13.1401
12.7512
12.9913
13.2004
12.8974
12.9903
12.369
12.8586
12.9358
13.0778
13.4198
12.6692
13.0539
12.9094
12.9642
12.9234
13.2117
12.6077
12.8574
13.3714
12.8175
12.6483
13.0097
12.8888
12.8209
12.516
12.8625
12.891
13.2274
12.705
13.3168
12.67
12.5358
13.0612
13.0684
12.9438
12.8878
13.0011
13.2777
13.2296
12.6395
13.6006
13.1442
12.913
13.2142
12.9165
13.0982
13.0731
13.1331
12.8498
13.1052
13.3025
12.9211
12.8544
13.0512
12.9262
12.906
12.7875
12.8351
12.6175
13.1127
12.7584
13.1526
12.9176
12.8368
12.6745
13.0968
13.2936
12.934
13.1723
12.7226
12.721
12.6249
12.836
12.7475
12.8559
13.3209
12.8941
12.6884
12.9384
12.801
12.9115
12.4952
12.7294
12.6929
12.8066
12.8786
12.321
12.9729
12.7012
13.3338
12.9125
12.2814
12.7974
12.8176
13.1692
13.0668
12.8294
12.8374
12.9456
12.2942
13.1831
13.0281
12.6576
12.5339
13.0055
12.6938
12.9352
12.9976
12.666
12.4015
12.9211
12.6719
12.8434
13.2343
12.724
13.015
12.6217
13.0707
12.5822
12.6858
12.6324
12.6898
12.8389
13.0896
12.8392
12.9672
12.9097
13.1435
12.6614
12.6457
12.5841
12.7486
13.0846
12.8099
12.7881
12.3694
12.7278
12.5383
13.029
13.2148
12.8262
13.0261
12.7201
12.9007
13.1089
12.837
12.9008
12.8701
12.978
12.8993
12.8403
12.6403
12.816
13.0323
12.8792
12.9648
13.135
12.7882
13.0825
13.4658
13.1936
13.1381
13.0362
13.0636
13.5463
12.9181
12.7906
13.0612
13.0608
13.1323
13.3039
12.6585
13.3207
12.9818
13.2064
12.6262
12.9627
13.1316
12.8035
12.781
13.3765
12.8128
12.9618
13.0118
13.0059
13.1108
13.2435
12.7135
13.1784
13.0442
12.9331
12.9808
12.7219
13.2502
12.7485
12.6968
13.3086
13.1658
13.0779
13.1975
13.2916
12.8813
13.2521
12.7464
12.6877
13.2501
12.8303
12.9564
13.2268
12.9339
13.0631
13.5499
13.4211
13.0195
13.0219
12.96
12.9382
12.9942
13.0684
12.8947
12.9424
13.5386
13.0775
12.9411
13.6442
12.6718
13.2128
12.8409
12.9005
13.0045
13.0345
12.8115
12.9615
12.5617
12.9565
12.9341
12.9138
13.0353
12.625
13.2274
13.122
13.1227
13.0029
12.8213
13.0382
12.8307
12.9711
13.1873
12.6573
13.0984
13.053
12.4945
12.8753
12.7976
12.9076
12.698
13.1309
12.9607
12.9474
12.8978
12.561
12.9931
13.2611
12.9172
13.2882
12.8792
12.9345
12.5073
12.5845
12.5966
12.6887
12.4398
12.5401
12.6963
12.937
12.8852
12.9545
12.7309
12.7065
12.8883
13.0828
12.9314
13.05
12.4752
12.6546
13.205
12.8867
12.6327
12.8731
12.7055
12.9251
12.8406
13.0839
12.7279
12.7653
12.8216
12.7214
12.9485
12.7979
12.9742
12.445
12.9548
12.6135
12.725
12.6142
12.5302
12.7352
12.6307
13.2556
12.6138
12.7799
12.7737
12.6575
12.7606
13.1601
12.9282
12.9213
12.9878
12.7956
12.8445
12.6192
12.9294
13.081
12.8345
12.7732
12.5026
12.3681
13.0091
13.3183
12.9179
13.6804
12.9979
12.779
13.2245
12.7859
12.8738
13.3666
12.9413
13.014
13.3692
13.0931
13.0031
13.3415
12.9723
13.1768
12.872
12.7456
13.2887
12.6495
13.1095
12.54
13.07
12.9634
13.0065
13.11
12.8646
13.0891
13.3962
12.9336
12.7806
13.3623
12.5023
13.2255
13.3537
13.0216
13.0278
13.2346
13.0867
13.1095
13.3678
13.1315
12.7444
12.909
13.1112
12.9949
12.8117
12.9449
13.4398
13.0092
13.287
13.0532
12.9321
13.2645
12.7622
12.7395
12.9224
12.8093
12.8091
13.0087
13.3527
13.398
13.0339
12.9607
13.0248
12.9607
12.9965
13.3551
12.9595
13.1016
13.0111
13.0055
12.9751
12.8959
12.6229
13.4187
13.4547
13.1309
12.9941
12.8657
13.0061
12.5096
12.6829
13.4544
13.0422
13.1165
12.3528
13.3868
13.1711
13.1089
13.0593
12.6665
13.4272
13.1206
13.2264
12.7531
13.1389
13.0613
13.3981
12.8076
12.9514
13.1393
13.2138
13.0044
12.99
12.6412
13.3231
12.6513
12.9736
12.9752
12.634
13.0392
13.0764
13.213
13.0496
12.9981
13.2055
13.1068
13.149
13.0534
12.8653
13.0702
12.5321
13.2284
12.6671
12.9647
12.7797
13.1226
12.688
12.7132
12.5824
13.072
13.2961
12.5881
13.281
13.1781
13.0389
12.7301
12.9581
12.849
13.1354
13.0991
12.8946
12.887
12.9032
13.1027
12.9769
13.1207
13.051
13.2993
12.9647
12.7677
13.0513
13.079
12.9161
13.0327
12.6733
13.14
13.0473
12.9716
12.6273
12.973
12.8618
13.14
12.848
12.8082
13.1233
12.7637
12.8069
12.9089
12.8943
13.4144
13.0187
13.2275
13.3847
13.1741
12.7305
12.7715
13.0312
13.0807
12.9646
13.0155
12.7754
12.8789
12.7674
12.6673
12.7308
13.4229
12.9662
12.4089
13.2424
12.895
12.8416
12.8882
12.891
13.0071
13.2627
13.1567
12.968
13.2492
12.8273
13.1923
12.6147
13.0413
13.2218
12.6076
13.0903
12.9275
13.079
12.9492
13.0681
12.976
12.8681
12.7524
12.7865
12.9825
13.1429
12.9168
13.112
12.7423
12.5425
13.034
13.0959
12.9733
12.9886
12.8564
13.2854
13.1488
12.6099
12.9259
13.1061
13.2168
12.8392
13.3484
12.8346
12.924
12.5592
12.8414
12.9488
12.9408
12.835
12.7285
12.6298
12.8861
13.0666
12.8917
12.9586
12.3723
12.8825
12.6548
12.6108
12.9028
13.0487
12.7008
12.9252
12.9345
12.7848
12.5384
13.2454
12.9573
12.6815
12.8694
12.7963
12.4864
12.6625
13.0773
12.9859
12.8676
12.6307
12.5064
12.7537
12.9538
12.7003
12.643
12.9371
12.5873
12.7822
12.7196
13.108
13.0288
12.6616
12.7099
12.6998
12.9639
12.7725
12.3942
12.8617
12.6991
13.1677
12.6525
13.488
12.7855
12.5665
12.6967
12.6959
12.8134
13.1019
12.6588
12.9489
12.693
12.4067
12.883
12.5836
12.8205
12.8445
12.8354
12.9857
12.7453
12.7058
12.7377
13.1679
12.5033
12.772
12.8677
12.4423
12.7901
12.5829
12.7018
13.0883
12.9486
12.496
12.876
12.9574
13.0964
13.2551
13.3785
12.7206
13.0907
12.7397
12.9264
13.3642
13.0917
12.7108
13.0466
13.2813
13.3059
12.7346
12.836
13.3254
12.902
13.3643
12.8162
12.7656
12.4071
13.5649
12.7931
12.8734
13.0209
12.7163
13.2601
12.8578
13.2574
12.8931
12.4434
13.489
12.5856
13.3562
13.1367
13.2351
12.7671
13.4398
13.0464
12.8737
12.9258
13.0818
13.546
12.8267
13.118
13.2893
12.9884
13.0839
13.2679
13.2645
13.036
13.4949
13.0974
12.909
12.8155
12.8072
12.9094
13.221
12.7703
12.9227
13.0623
13.4851
12.8969
13.127
13.2062
13.1533
13.455
12.8839
13.2744
13.098
13.1003
13.1389
13.0697
13.1569
13.1391
13.5864
13.213
12.8174
12.7199
12.6583
12.8773
12.4594
12.9534
12.4433
12.5142
13.0308
12.707
13.1222
12.9922
13.2649
13.3113
12.7999
13.2645
12.6037
12.8033
13.4031
12.8257
13.171
12.6008
12.7887
12.8533
12.9638
12.4643
12.9701
13.06
12.3689
12.8172
12.8441
12.8844
12.8097
12.96
12.7765
12.9581
13.261
12.9873
13.1817
12.734
12.8515
12.9755
12.684
12.7372
12.9984
13.0408
12.844
12.5601
13.1927
13.024
13.2209
12.8439
13.1201
12.7478
12.571
12.9296
13.2387
12.691
13.0388
12.7835
13.0404
13.0553
13.129
12.9556
12.7653
13.1596
13.1832
13.1096
13.0533
13.035
13.1096
13.2305
12.786
12.9437
12.7253
12.9362
13.2821
13.1138
12.8619
12.8744
12.7906
12.6496
12.7628
12.9477
12.9734
13.0746
12.8272
12.9108
12.7995
13.1639
13.1984
13.0978
12.9987
12.6993
12.9535
12.797
13.1676
12.9153
12.6282
12.8765
13.1458
12.8766
12.7896
12.8606
13.064
12.5942
12.964
12.7885
12.6305
13.0977
12.9906
12.9173
12.9887
13.1603
12.8747
13.2287
12.5436
13.1922
13.0823
12.9708
13.1852
12.4724
12.7661
12.7513
13.0099
13.1815
13.171
13.14
12.7653
13.0693
12.9251
12.6339
12.7823
12.9613
12.3792
13.0685
13.098
12.8453
13.3499
12.9554
13.1416
12.9308
13.1303
12.9262
12.6982
12.8444
12.9979
12.673
12.776
12.74
12.6837
12.5697
13.1127
13.1859
13.0091
13.4495
13.0274
12.5596
12.9799
12.7078
12.9782
13.1693
12.902
13.0177
12.7618
13.1175
12.573
12.6865
12.8739
13.0109
12.5487
12.7669
12.6082
12.8945
12.7516
12.9338
13.1113
12.6854
12.8192
12.6358
12.9771
12.6536
12.7631
12.7624
12.9383
13.36
12.589
12.7462
12.6377
13.1337
13.1402
12.5788
12.6856
12.6352
12.5108
12.7975
12.852
12.5734
13.0074
12.7184
12.8582
13.091
13.0129
13.1364
12.8947
12.5434
12.9751
12.6022
12.8063
13.0507
12.6438
12.8737
12.7128
12.8185
12.7353
12.6485
12.6648
12.6555
12.6976
13.2781
12.9958
12.6651
12.7752
12.5905
12.8994
12.5456
12.8714
13.0707
13.2215
12.9634
12.8516
12.8744
12.8452
12.846
12.8841
12.9285
13.1103
12.944
12.8587
12.8571
13.1064
12.9788
12.8355
12.7477
13.3858
13.0492
13.1441
12.8341
12.8591
12.9455
12.5612
13.171
12.8905
12.9324
12.6689
12.7177
12.5444
12.5594
12.9198
12.8401
12.9267
12.7812
12.8713
13.0539
12.8637
12.9526
12.9476
12.5017
12.5872
12.7279
12.565
12.8819
12.7539
12.9257
13.076
12.6291
12.7762
13.4319
12.6969
12.6764
13.3666
13.1066
12.8615
13.0504
12.722
12.6327
12.8133
12.6095
12.5195
12.4412
12.4562
12.9443
12.6791
12.5498
12.7144
12.96
13.1769
12.6644
12.7842
12.8931
12.7299
12.6937
12.5464
13.0922
13.2612
12.9932
12.8694
12.6445
13.5098
12.7641
13.2014
12.4697
12.8021
12.5271
12.7122
12.5896
12.5235
12.5513
12.879
12.6695
12.8983
12.6975
12.6626
12.5061
12.8956
12.6672
13.119
12.3631
12.7867
12.6559
12.6783
12.9712
13.0765
12.8398
13.2104
12.5398
12.8636
12.9212
12.6923
13.0257
12.6694
12.7257
12.9481
12.6199
12.7311
12.7312
12.6482
12.7307
12.6561
12.8036
12.9376
13.1758
12.8636
13.2947
12.94
12.2893
12.6917
12.8267
12.6801
12.5162
12.5366
12.7614
12.6641
13.0167
13.031
12.6577
13.0422
12.8184
12.8612
13.1483
12.7647
12.5547
12.7957
12.4813
12.7379
12.2435
12.5243
12.7775
12.6908
12.9517
12.5848
12.6105
12.9364
12.9909
12.9804
13.047
12.8239
13.1039
13.1386
13.0485
13.1219
13.0943
12.9633
13.0605
12.9193
12.3756
12.8818
13.2966
13.1397
12.8607
12.9624
12.684
12.9795
12.8297
13.07
12.813
12.7871
13.0826
13.2471
12.6954
12.9495
13.1151
12.6623
13.2709
12.9839
13.2628
12.7092
13.2664
13.1146
12.9635
13.2482
13.1554
13.1049
12.7253
12.7183
12.9675
12.9156
13.3433
13.0695
12.8132
12.9931
12.6304
12.7596
13.0529
13.2996
13.3066
13.0964
13.7253
12.9662
13.0405
13.1358
12.8228
12.9551
12.6813
13.1234
13.2265
12.5661
13.1566
13.1021
12.7579
12.6904
13.118
12.9557
13.1295
13.1961
13.0461
12.9181
13.0389
12.8343
13.0883
13.0171
13.0427
12.9768
13.215
12.6856
12.9107
13.0026
12.8899
12.9008
13.1931
12.8567
13.1831
12.7312
13.008
12.8326
12.9775
12.8923
12.8116
12.9334
13.2893
12.7382
13.1621
12.8718
12.727
13.1235
12.8705
12.8073
13.0025
12.6439
12.7208
12.9251
13.0553
13.1383
13.5198
12.9546
12.8694
13.157
12.9944
13.1283
13.0819
13.1978
13.007
12.8144
12.9281
12.3723
13.1294
12.8249
12.7661
13.4431
12.9077
13.2538
12.9645
13.1121
12.7199
13.5293
12.8467
12.8729
13.0202
12.422
13.074
12.8536
12.8804
13.3511
12.9429
12.8603
12.8031
12.5913
13.3244
12.8017
13.1824
13.4648
12.8934
12.5841
13.1369
12.8689
12.9353
12.7154
12.9984
13.0268
12.6628
12.895
12.7969
12.9596
12.5399
12.8354
12.7681
12.3686
13.0892
13.1274
13.0411
13.3058
13.1842
12.661
13.0028
13.0843
12.8366
13.0553
12.9585
13.1017
13.1124
13.0796
13.252
12.8185
12.6489
13.1411
12.6649
12.8656
12.7391
13.1945
12.9048
12.9463
13.1757
12.8381
13.3104
12.7922
12.9566
12.8107
12.7228
13.0136
12.8643
13.1112
13.2998
12.7465
13.0014
12.774
13.2568
13.3306
12.721
12.9424
12.8245
12.7451
12.5534
12.8862
12.9127
13.3068
13.1328
12.439
13.0996
13.0354
13.0869
13.2646
13.2438
13.0742
13.0025
12.7209
12.9886
13.2454
13.2161
12.8033
12.8912
13.4081
13.2273
13.2707
12.7547
12.9924
13.2724
12.8795
13.1351
12.983
13.0609
13.025
12.9821
13.3212
13.4726
12.8739
12.5619
13.245
13.0179
13.4441
13.0548
13.2746
12.9157
13.1236
13.0265
13.6176
13.2287
12.9048
13.1109
13.171
12.8833
13.2518
13.0194
12.6856
12.9737
12.8297
12.848
13.0282
12.9884
13.1243
13.165
13.189
12.8886
12.7135
13.0478
12.7464
13.2716
13.2203
13.294
13.2416
12.8766
12.9971
13.1257
13.2379
13.1836
13.4503
13.4863
13.1542
12.9994
12.794
13.1414
12.73
12.8432
13.3135
12.7676
13.0778
13.0999
12.9634
12.5957
12.7956
12.8957
12.9719
12.9493
12.6571
12.7524
12.7484
13.0874
12.88
13.1795
12.8875
12.8532
12.691
13.0239
12.831
13.3231
13.3191
12.9111
12.9569
12.782
12.7229
12.8202
12.9573
12.822
13.1862
12.8741
12.7414
13.0648
13.1569
13.3119
12.8415
13.2543
13.1129
12.5659
12.7856
12.7713
12.4887
13.1573
12.6477
12.8573
13.2991
13.471
12.6056
12.7437
12.871
12.81
12.6391
12.7854
12.821
12.9094
12.7779
13.0645
13.1103
13.0557
12.9115
13.1497
13.0559
12.7932
12.9943
13.1152
13.3037
13.1295
13.5181
12.9964
12.9429
13.4196
12.9936
13.3466
12.8269
13.2671
13.0289
13.628
12.6612
13.5508
13.3165
12.8632
13.0472
13.1501
13.1041
13.1385
13.2376
13.0239
13.2803
13.4873
13.3839
13.078
13.0353
13.31
13.2566
13.1668
12.8784
12.9363
13.1574
13.1217
13.4103
13.4878
13.2398
13.1411
13.2783
12.9381
13.2318
12.6575
13.1005
13.1552
12.8111
13.1788
12.9817
13.0999
13.2044
13.3035
13.2151
13.0094
12.6381
13.0388
13.3752
13.0926
12.8853
13.1325
13.1409
13.2275
12.9775
12.773
13.3759
13.3663
13.3968
13.301
12.9471
12.6839
12.6664
12.7446
12.9826
12.6179
12.9793
13.0169
12.8042
12.6718
12.7678
12.6258
12.976
13.0736
12.7565
12.7893
12.9848
12.7985
12.7733
12.8678
13.0841
12.7347
12.911
13.0259
13.1022
13.0211
13.0778
12.7098
12.8803
12.7909
12.7995
13.1943
12.466
12.8329
13.0041
12.6834
12.2499
13.2711
13.0603
13.0884
12.9091
13.4081
12.9373
12.7622
13.1673
12.5617
13.0762
12.7108
12.6082
12.9809
13.0555
12.718
13.2238
12.6681
12.7087
13.4675
12.781
12.4503
12.9464
12.9628
13.4098
12.5771
13.3601
13.1636
12.7955
13.0739
12.995
12.9453
12.6584
12.8285
12.8141
12.7788
13.0829
12.4845
12.7238
12.5393
12.6665
12.6296
13.5252
12.6263
12.945
12.993
12.876
12.7408
12.7627
12.8055
13.1162
12.9921
12.9584
12.8627
12.8879
12.5356
13.0979
13.1231
12.696
12.6113
12.6342
12.8727
12.7529
12.7948
12.8266
13.1259
13.142
13.2511
13.2245
12.5515
13.1331
13.198
12.7088
13.2583
12.386
12.6584
12.7203
12.8669
12.8767
12.6086
13.1072
12.8396
12.8183
12.7827
12.638
12.8113
12.7595
12.735
12.9928
12.6983
12.9404
12.9576
12.8744
12.7736
13.1398
12.8426
12.6369
12.7205
13.1205
13.2265
12.9766
12.9899
12.9225
12.2938
12.8386
13.3001
12.9175
12.9297
12.7474
13.2459
13.1173
13.282
13.425
12.8466
13.0202
13.1267
12.8085
13.0191
13.5605
12.6006
12.925
13.1424
12.8048
12.9657
12.574
13.0308
13.1289
12.8267
12.7052
13.4641
13.1497
13.058
13.2734
12.9568
12.7559
13.3795
13.1846
13.0514
13.0076
12.732
13.0451
12.9049
13.2234
12.613
13.0668
13.2122
12.7707
12.8555
13.0088
12.8671
13.2318
12.8654
13.0183
13.2396
13.0684
13.0623
12.9323
12.6322
13.0508
12.7691
12.7499
12.8856
13.0274
13.4412
12.8975
13.1594
13.1401
12.7854
12.6005
12.8547
12.2612
13.365
12.7803
12.8806
13.4023
12.6363
13.0777
12.8882
12.829
13.049
12.5951
12.7879
12.8485
12.9995
12.9962
12.8852
12.7905
12.9532
12.6833
12.9522
12.6519
12.812
12.8839
13.2168
12.7859
13.3468
12.8693
13.3152
12.7668
12.493
13.0746
12.7337
12.6848
13.2579
12.7482
12.9513
12.7916
12.7455
13.014
13.0684
13.0787
13.044
13.0325
12.821
13.1586
13.2322
13.2314
12.796
12.7438
12.8894
12.6535
12.8513
12.7393
13.1011
13.0164
13.2703
13.1109
12.7373
13.107
12.7774
13.1743
12.5708
12.8225
12.7677
13.2361
12.758
13.1624
12.9357
12.7376
13.0222
12.5113
12.6531
12.8639
12.6497
13.0228
12.9829
12.6734
12.832
12.6354
12.6746
12.912
12.8759
12.2108
12.9657
12.9521
12.5931
12.8932
12.9264
12.5726
12.8321
13.2649
12.4857
12.8905
13.0823
12.7748
12.7733
13.0395
13.1214
12.8031
12.5652
12.6431
13.3111
12.655
13.1591
13.0348
12.538
12.8349
12.8303
12.8835
12.7899
13.0831
12.8634
12.7889
13.055
12.6291
13.2048
12.8948
12.9707
12.7991
12.9042
12.963
13.2623
12.963
12.8627
13.4806
12.9808
13.0749
13.0478
13.014
13.2146
12.9701
12.8649
12.9425
12.7216
13.4469
12.8841
12.679
13.0776
13.1151
12.9449
12.8179
12.7429
13.4476
12.611
13.0975
13.3168
12.7353
13.0711
12.9918
12.8075
12.8219
13.1801
13.1974
12.6634
13.4592
12.9009
12.7066
12.8561
12.8413
12.9054
13.0535
12.8231
13.0829
12.7018
13.1736
13.1675
12.9256
13.3854
12.8674
13.1232
13.1459
12.957
13.0571
13.0276
12.7783
12.8561
12.8838
12.7297
13.0685
13.2812
13.1042
13.2695
13.3093
12.8019
12.6458
12.5846
12.9959
12.8123
12.6106
12.769
12.9131
12.5008
12.7614
12.8261
12.5094
12.9974
12.8037
12.6488
12.7698
13.2331
12.6981
12.9608
13.0312
12.884
12.57
12.5259
12.7367
12.9582
12.7333
12.7119
12.6633
12.8327
12.9747
13.2646
12.7517
13.0022
13.0204
12.6927
12.6172
12.6093
12.0331
13.0392
12.6446
12.6919
12.7699
12.8179
12.7721
12.7802
12.8967
13.4128
13.092
12.4417
12.7662
12.9487
12.5372
13.1307
12.4827
12.7071
12.9506
13.1609
12.5882
12.1485
12.5993
12.5792
12.6483
12.6678
12.602
12.8608
12.7078
12.7519
12.9539
12.9239
13.0627
12.6676
12.942
12.8788
12.6993
12.9912
12.8806
12.7383
12.6814
12.89
12.3865
12.6945
12.8344
12.9673
13.0279
12.9021
13.1048
13.1132
12.8135
12.8898
12.8267
12.8116
13.1269
12.6451
13.0408
12.7581
12.7512
12.7071
12.387
13.1537
12.8333
12.9216
12.838
13.0951
12.6061
13.0489
12.8972
12.7748
12.6712
12.7367
12.8316
13.0311
12.7753
13.2942
12.7307
12.6385
12.9315
13.085
12.7356
13.0555
13.0318
13.0374
12.6545
12.7599
12.8324
12.2303
12.431
12.5989
12.7436
12.768
12.5597
12.6688
12.5506
13.0084
12.7415
12.9293
12.7891
13.0223
13.0041
12.6483
12.9558
12.9532
12.4522
13.1252
12.3812
12.9311
12.8818
12.6962
12.7068
12.805
12.8697
12.486
12.8222
12.9731
12.1574
12.8165
12.8626
12.6636
12.8562
12.4207
13.0409
12.7159
12.8158
12.6253
12.6301
12.908
12.6878
13.1572
13.0198
12.6879
12.8475
12.8111
12.6415
12.7482
13.0474
13.0629
12.7619
12.883
12.4926
12.5561
12.8333
13.0056
12.9974
12.3654
12.6731
13.0791
12.8756
12.8384
13.0144
12.7316
12.988
13.0697
12.9414
13.1792
13.2502
13.1889
12.6843
12.7807
13.0657
13.1233
12.5469
12.5254
13.1628
12.9194
13.2866
13.1113
13.1184
13.4462
13.2046
12.7953
13.0973
13.2996
12.9554
13.4897
12.9884
13.049
13.3204
12.7877
12.559
12.8353
12.9948
12.8277
12.9301
12.8417
12.6798
13.084
12.9102
13.1956
13.1618
12.7407
12.8967
12.8079
12.832
13.1781
13.1866
12.7128
12.8543
12.8448
12.9987
12.7716
12.6861
12.7117
12.4338
13.0945
12.5691
12.6833
12.909
13.0538
12.6354
12.7377
12.6077
12.7954
13.0178
13.1817
12.4324
12.9636
12.5551
12.8729
12.8376
12.7292
12.9972
13.0983
13.1128
12.7584
12.6999
13.0749
12.7732
13.041
12.7116
12.5553
12.8618
13.3388
12.5383
12.8113
12.7912
12.5416
13.1325
13.4231
12.9834
12.7404
13.0395
12.6778
12.69
12.95
13.1328
13.0457
13.0045
12.7416
12.9055
12.2018
12.9254
12.8036
12.9739
12.8349
12.9267
13.1803
12.7382
12.8475
12.9425
12.7894
13.1877
12.8049
12.8685
13.3402
12.5362
13.0109
13.1084
13.036
13.1729
12.8867
12.7433
13.9885
12.7087
12.9619
13.2252
12.8485
13.0202
13.2346
13.0127
12.6123
13.0843
13.0574
12.9528
12.7074
12.7726
12.9041
13.0147
12.4569
12.97
12.6481
12.7934
12.6596
12.8211
13.1238
13.1366
13.0831
13.1296
13.043
13.2366
12.8956
13.0049
13.1886
13.1902
12.9888
12.9053
12.8757
12.9218
13.0084
12.867
12.7999
12.7786
12.9213
12.4882
12.9426
12.3169
12.702
12.7025
13.0023
12.8162
12.7094
12.6154
12.6432
12.8925
12.7617
13.1669
12.3078
12.9995
12.5551
12.6549
12.4823
12.5148
12.7662
13.0321
12.789
12.6583
12.5234
12.4481
12.5149
12.769
12.5956
12.531
12.442
12.3923
12.7608
13.0333
12.7438
12.7487
12.9238
12.8294
12.0135
12.0917
12.088
13.0262
12.9355
12.4354
12.4187
12.8614
12.6014
12.7622
12.5878
12.7502
12.7913
12.7317
12.7118
12.3718
12.8231
12.7212
12.9555
12.7965
12.5903
12.9753
12.8853
12.6647
12.9468
12.6321
12.7044
13.0727
12.3472
12.8693
12.9171
13.1749
12.4615
12.5532
13.0209
12.9649
12.9187
12.7519
13.0758
12.8071
12.9348
12.8283
12.6625
12.912
12.92
12.4328
13.0241
12.504
12.5504
13.0381
12.8267
13.1382
13.3639
12.682
12.5761
12.711
12.9555
12.9194
13.2781
12.4412
12.6933
13.0042
13.1591
12.5853
12.5012
12.9701
12.5965
12.9696
12.7807
12.4989
12.8521
13.0273
12.808
13.091
12.8298
12.9184
13.1299
12.9741
12.8217
13.1873
13.2817
12.6317
13.3225
12.8231
13.2986
12.6524
12.7826
13.1981
13.0271
12.9489
13.2163
13.1496
12.3366
13.3185
13.1823
13.0646
12.9007
12.891
12.4368
12.7177
12.3878
12.3492
13.0924
12.8406
12.7631
12.8032
13.1321
12.7293
12.951
13.4437
12.9356
12.9699
13.2194
12.6596
12.739
13.0115
13.1537
12.8241
12.6987
12.925
13.0126
12.834
12.6478
12.4359
12.9487
12.9259
12.7261
12.575
13.0992
12.8191
12.4476
12.9569
12.9507
12.6924
13.0699
12.8099
13.12
12.7935
12.4356
12.7677
12.8206
12.9679
13.2108
12.4384
13.3284
12.7
13.0454
12.6244
12.705
13.0175
12.6153
12.7486
12.6876
12.4674
12.7982
12.3222
12.6394
12.5341
13.0002
13.0726
12.4886
13.1044
12.6986
13.0292
12.685
12.7839
12.7015
12.5701
12.8108
12.9397
12.7489
12.7391
12.7904
12.8022
12.686
12.7887
12.7696
12.7935
12.4938
13.1799
12.9359
13.2706
12.9448
13.0146
12.9442
13.0666
12.2913
13.0615
12.9862
12.4495
12.4607
12.8638
12.9953
13.0311
13.1049
12.8774
13.166
13.2611
12.7152
12.4382
13.5443
12.8189
12.8852
12.731
13.0604
13.3867
12.6044
12.6723
13.138
12.7364
12.5867
12.7867
13.0899
13.1463
13.2882
12.748
13.0238
12.766
13.0595
13.2288
12.854
12.6957
13.6226
12.9614
13.089
12.7937
12.6803
12.8049
12.8421
13.0585
12.9888
13.2072
12.9999
12.7576
12.9003
13.2306
12.575
13.2679
12.7054
12.2592
13.1087
12.5217
13.4
13.4637
13.0209
12.6441
13.1347
12.8622
12.9972
13.0451
13.082
12.5069
12.9135
12.6678
12.7549
12.8216
12.7114
13.0452
13.1497
12.7898
12.6536
12.979
13.1459
13.011
12.6
12.8103
12.816
12.8716
12.7204
12.9057
12.633
12.6146
12.7925
12.9536
12.9911
12.6374
12.7916
12.9553
12.7456
12.9238
12.9509
12.8405
12.7741
13.0061
13.1186
12.5957
12.8187
12.7949
12.7438
12.7176
12.9751
12.9318
13.1539
12.8189
13.309
13.0744
13.3478
12.2884
12.9482
12.8267
12.3613
12.8828
12.9144
12.6565
13.0076
12.2864
12.8537
13.098
12.9661
12.5124
12.7209
13.0571
13.0264
13.1223
12.9645
13.132
13.1496
12.7489
12.6753
12.8396
12.6701
13.1471
12.8461
12.7077
12.7233
12.4467
13.1023
12.8024
12.9701
13.1523
13.0576
12.9271
13.4277
12.8516
12.9419
13.0895
12.7798
12.9765
13.018
12.896
13.1852
13.0646
13.182
13.3136
13.423
13.0133
13.0862
13.0772
12.8666
13.1813
12.7079
12.7829
12.961
13.2457
12.674
13.5678
13.4082
12.7607
12.9662
12.8679
12.8627
13.2957
12.8781
13.0082
12.8401
12.8651
13.1123
12.9108
13.4384
13.0467
13.0176
12.9165
13.0151
13.2505
12.826
12.9876
13.0387
12.8356
12.9736
12.7888
12.9713
12.8411
12.6539
12.4637
12.8992
12.303
12.8204
12.7108
12.7778
12.4083
13.002
13.0294
12.9652
13.089
12.8471
13.0233
12.4427
12.88
12.5145
12.8268
12.7017
12.8025
13.1294
12.8375
12.615
12.7043
13.0229
13.335
12.7359
12.6552
12.8872
13.0235
12.5691
12.7269
12.7956
12.7463
12.8855
13.0706
12.6652
12.8839
12.4956
12.9182
13.0713
12.9955
12.8272
13.2433
13.0062
13.18
13.0681
12.6956
12.5574
12.6622
12.8328
13.0911
12.7248
13.0974
12.6844
13.3695
12.7537
12.9095
12.9192
12.7877
12.9436
13.0347
12.8238
12.9512
12.8052
12.6946
12.8341
13.3207
12.726
12.9576
13.077
12.6303
12.8334
12.8765
12.9931
13.1045
12.6473
12.4706
12.8807
12.8915
12.7224
12.918
12.8609
13.0361
12.7038
12.6872
12.8176
12.6162
12.8908
12.7673
13.1972
12.8468
13.0411
12.9783
12.7341
13.1041
13.2516
12.848
13.1055
12.8952
13.2123
13.0693
13.0162
12.7646
12.9056
12.7237
12.8327
13.0557
13.0345
12.8829
12.7509
13.4466
13.206
13.0884
13.0291
12.9984
13.0833
12.8827
13.1845
12.8615
13.1836
13.1756
13.3047
13.3069
12.6138
12.9849
13.1043
13.2702
13.0764
13.2011
13.0292
13.1535
12.9774
13.0211
13.773
12.4543
13.3255
13.3284
12.8739
12.9368
13.4239
12.8686
12.9834
13.1287
13.04
12.6981
12.9469
12.877
12.7984
13.0306
12.9251
12.7276
12.7617
13.17
12.9054
13.4101
13.3037
12.9185
12.621
13.3032
12.3489
13.0173
13.1287
12.9639
12.9272
12.7138
12.9169
12.7706
12.5572
13.4563
12.762
13.0219
12.9084
13.288
12.9127
12.8812
12.7313
12.5562
12.7093
12.7588
12.9791
12.6014
12.9477
13.5755
12.6447
12.819
12.9407
13.4408
12.5527
12.9946
12.7391
12.6697
12.3532
12.8685
12.5714
12.6523
12.5301
13.0504
13.0374
13.1003
12.7384
12.6948
12.4266
12.8921
13.1634
12.6519
12.712
12.9836
12.9362
12.7523
13.0758
12.8282
13.115
13.3813
13.409
13.2052
12.8649
12.8332
12.9678
13.251
13.0952
12.7812
13.0286
13.0175
13.1097
13.0338
12.8383
13.0857
12.8425
13.0339
13.2754
13.261
13.1856
13.1615
13.2857
13.0774
13.0709
12.7358
13.147
13.0111
12.7924
12.8333
13.13
13.2439
12.9167
13.2954
13.1921
12.8178
13.1873
12.9427
12.8847
12.7147
12.7847
12.8497
13.1751
13.2062
12.9727
13.1404
12.8873
13.1015
13.3108
12.946
12.7192
12.7894
12.9965
12.5098
13.1056
13.0656
12.8
13.1184
13.167
12.6563
13.0013
12.6917
12.7903
12.4929
12.7421
12.709
12.8658
12.8154
12.7397
12.7501
12.8007
12.626
12.5965
12.597
12.6989
13.1703
12.8363
12.928
12.9216
12.9732
12.9677
12.6457
12.7936
13.0215
12.6445
12.6282
12.9876
12.775
12.8303
13.1214
12.8908
13.2185
12.8934
13.0117
13.0828
13.296
12.6635
13.1961
13.3081
12.4429
13.2258
13.3294
13.0308
12.7606
12.8944
13.0241
13.1034
12.6339
13.0832
13.0025
13.4375
12.9697
13.0587
12.8247
13.0544
13.3151
12.912
13.2458
13.3961
13.0954
12.7271
13.2203
12.9528
13.1316
13.3667
13.4947
12.7646
13.0393
12.9669
12.8843
12.6888
12.7752
12.833
13.1084
12.7131
13.1417
13.0906
12.7023
12.6718
13.0344
12.7703
12.3627
13.1062
13.3818
12.6293
12.741
13.012
12.4873
12.8712
12.8374
12.6534
13.2386
13.1504
13.1553
13.0265
12.9519
13.044
13.0777
12.7985
12.7595
12.7266
12.5047
12.9194
13.034
13.0612
12.6079
12.6989
12.9927
12.992
13.1036
12.5615
12.9269
12.793
13.1658
13.0757
12.9118
12.4701
12.5518
12.8557
13.0183
13.0151
12.8535
12.6212
12.549
12.8158
12.4623
12.8319
13.0036
12.8576
12.8236
12.8425
13.2062
13.0264
12.5134
12.6044
12.9245
12.8379
12.7328
12.7487
12.9224
12.5481
13.1614
12.8369
12.6396
12.5885
12.8989
12.9889
12.3832
12.9805
13.197
12.9564
12.7203
13.0704
13.0986
12.7088
13.3479
12.2603
13.3294
12.9903
13.0346
13.3083
13.015
12.874
13.25
12.9012
12.8892
12.7969
12.9861
13.0273
13.2153
12.7104
13.1644
13.2041
13.031
13.0328
12.9112
12.933
12.9752
13.3879
12.9522
12.9125
12.762
12.9518
13.0256
12.8209
12.7183
12.8601
12.947
12.8997
12.8937
13.2664
13.1696
12.6952
12.5925
12.6914
12.4911
12.8235
12.3139
12.8327
13.0233
12.9991
12.9674
12.5178
13.0971
12.8586
12.8101
12.591
12.6296
12.9917
12.8082
12.6774
12.8465
12.862
12.9827
12.9478
13.0265
12.7601
12.9975
12.7832
13.1774
12.938
12.9892
13.2483
13.3394
12.7968
12.8794
13.0158
12.8438
13.2182
12.9791
12.9718
12.8453
12.1668
12.4302
13.0074
12.8241
13.0715
12.7385
12.8783
12.9035
12.8793
12.8944
12.7631
13.1325
13.0828
13.0054
12.7217
13.071
13.2786
13.2264
13.3961
12.954
12.7446
12.8283
12.9481
13.1246
13.1511
13.0676
12.7972
13.1381
13.4867
12.7195
12.7259
13.1369
12.7394
13.3006
12.8962
13.0306
13.1717
13.1694
13.2111
12.8859
12.8209
12.9897
13.2314
13.3545
12.7822
12.9759
13.2196
12.7134
13.1866
13.1699
13.2877
13.1788
12.5737
12.8243
13.0122
12.9633
12.5114
12.8421
12.9287
13.2462
12.9462
12.8749
12.5748
12.8294
12.7557
13.073
12.8825
13.0672
12.8832
12.7933
12.6912
12.8438
12.7207
13.1835
13.2612
12.9315
12.8568
12.9649
13.2082
12.7062
13.221
13.0612
12.7692
13.1061
12.888
12.9811
12.913
12.7245
12.7934
12.9419
12.9526
13.036
13.2072
13.2167
12.9491
13.1702
12.805
13.0028
13.3672
13.0207
12.7273
13.0176
12.7167
13.1527
12.9033
12.8617
12.8911
13.3943
12.943
12.6013
13.0119
12.8192
13.004
12.9462
13.0752
13.1116
13.0842
13.0338
12.5525
13.0231
12.5946
13.0413
12.9157
12.8771
13.1462
12.652
13.0491
12.8079
12.8458
12.991
12.9213
12.9856
12.9857
13.3684
13.0292
12.6188
12.8347
13.348
13.2375
12.9366
12.8358
13.0803
13.0574
13.2661
13.2072
12.4379
12.9005
13.4113
13.0787
12.9871
12.9678
13.1662
12.9772
13.2
13.0959
13.0131
12.9716
13.041
12.8872
13.0906
13.446
12.8687
13.0982
13.1722
13.1676
13.1825
13.0439
13.3034
12.9566
13.0221
12.6043
13.0794
12.9539
13.1298
12.9656
13.0636
13.0584
13.1432
13.2568
13.243
13.1958
13.1151
12.8832
13.0149
13.0452
13.1972
13.067
12.4988
12.6406
12.7877
12.6264
12.9106
12.638
12.6327
12.2677
13.0311
12.7715
12.6567
12.6738
12.2699
13.1655
13.0789
12.5584
12.6029
12.4238
12.6163
13.1208
12.9462
12.4965
12.9853
12.6648
13.2293
12.9454
12.6138
13.1959
12.7963
13.1417
12.6532
12.5654
13.4155
12.9239
12.9745
13.1102
13.0592
12.8573
13.4606
12.8173
13.0453
12.9705
13.1941
13.154
13.0135
12.8766
13.0028
13.28
13.1499
12.8801
12.969
13.0087
12.8427
13.3353
12.88
12.9189
12.8111
13.0683
13.0814
12.9414
13.0949
12.6334
13.154
12.8903
12.9469
12.8966
12.7197
12.7886
13.378
12.6158
12.898
13.0019
12.5809
12.6671
12.8075
13.2056
12.7834
13.1567
12.9273
12.7087
12.4118
12.6196
12.4059
12.3083
12.7792
13.002
13.23
12.7985
12.6932
12.9646
12.7619
12.9929
12.6988
12.7957
12.9776
12.9652
12.9459
13.1837
12.6592
12.6579
12.9819
12.827
12.4925
12.6635
12.5607
12.4672
12.7237
12.6291
12.4083
12.9807
12.9896
12.8726
13.0404
12.4625
12.6647
12.7477
13.1773
12.9539
12.965
12.7513
12.8519
13.142
12.7924
12.6544
13.0154
12.9594
13.2269
12.9749
12.704
12.8204
12.7605
12.7572
13.1293
12.6808
12.9288
13.2299
12.5779
12.5036
12.9471
12.5878
13.2449
12.5596
13.1892
12.8215
12.7289
13.0497
12.8389
12.8491
12.6889
13.0071
12.928
12.52
13.0296
12.6194
12.5869
12.8176
12.7662
12.9116
12.6383
12.3507
12.9177
12.6661
12.7522
13.1006
13.1674
12.7252
12.7854
12.6428
12.6798
12.3399
12.6785
12.8746
12.8335
12.8252
12.7964
12.6309
13.0277
12.8391
12.8376
12.9106
13.4891
13.0123
12.3936
13.0193
13.1861
12.7596
12.9131
12.8473
12.9216
12.4979
13.0049
12.8673
13.0601
12.6846
12.9887
13.1414
13.1077
13.3621
12.9087
12.8805
12.9119
12.8964
13.0082
12.8189
12.6339
12.5153
13.1297
13.0063
12.8438
12.9934
12.7507
12.5934
12.9488
12.6156
12.7236
13.0479
12.5765
12.9469
12.3369
13.3158
12.9889
13.0628
12.9427
12.4912
13.1497
12.4889
13.3528
12.7752
12.7616
12.724
12.8655
12.9706
12.8422
12.5962
12.9919
13.1323
12.7878
12.4397
12.6531
12.6536
13.0652
12.863
12.9399
13.0711
12.7567
13.1162
13.2237
12.6634
13.0902
13.0028
13.0303
12.9616
12.9893
13.4047
13.1637
13.1354
12.6821
12.8521
12.744
12.7223
13.2978
13.1407
13.0011
13.3131
13.1829
12.8827
13.4485
12.7825
13.0668
13.0926
12.6035
13.2062
13.4998
12.97
12.9294
12.9469
13.0953
12.6237
12.7915
13.137
13.0365
12.5462
13.1026
13.0981
12.5708
12.6354
12.7019
12.635
13.0291
12.7637
12.6356
12.8147
13.1282
12.8343
12.9567
13.0687
12.7687
12.5267
12.9018
12.9765
13.0011
12.8212
13.2288
12.9914
13.1588
13.0943
13.0604
12.963
12.9842
12.359
12.7904
13.233
12.5144
12.7822
13.4088
13.0571
13.002
13.1034
13.1087
13.3161
13.1539
12.8203
13.2363
12.4385
13.0561
13.3334
12.6347
12.6525
13.4637
12.9628
12.8988
12.7511
12.9988
12.9458
13.1021
13.2214
12.8485
12.9154
12.7945
12.9243
12.9738
13.2361
12.6677
12.9347
12.8573
12.7235
13.0283
13.1156
12.795
13.4548
13.4112
13.0304
12.6525
13.014
12.7125
12.989
13.0851
12.7557
13.0729
12.7313
12.7834
12.7652
12.5756
12.9427
12.8319
12.6638
12.8573
12.7237
13.0949
13.1984
12.9487
13.1628
12.3577
12.8031
13.0283
12.7891
13.008
12.6269
12.7797
13.134
12.5822
13.1987
12.8581
12.7676
13.1602
12.8464
12.4574
12.8905
12.8172
12.7296
12.9
12.8986
12.7708
13.0061
12.8018
12.8002
12.8457
13.2418
12.6487
12.8772
13.0313
12.8886
12.6649
12.8324
12.8816
12.6375
13.059
12.5545
12.839
13.2721
12.7665
12.7796
13.0622
12.4775
13.2131
13.146
12.8416
12.761
13.3488
13.1048
12.8298
13.28
13.2686
13.4543
13.2343
13.0549
13.0966
12.5795
13.0924
12.6419