17.8898
18.3718
18.2245
18.2868
18.5596
18.3611
18.235
18.214
18.4232
17.97
18.518
18.1079
18.0512
18.5522
18.372
18.2253
17.9899
18.0172
18.1565
17.951
18.0783
18.3683
18.3981
18.2109
18.7277
18.2594
18.5253
18.4685
18.2595
18.2394
18.2308
18.0969
18.4194
18.6106
18.3809
18.5114
18.3718
18.3994
18.208
18.4708
18.3955
18.0127
18.0942
18.356
18.687
18.6103
17.994
18.226
18.1927
18.9491
18.4483
18.185
18.4968
18.1177
18.3878
18.3879
18.1079
18.2255
18.602
18.3477
18.5007
18.5827
18.0805
18.2685
18.2476
18.2707
18.7031
17.7566
18.6135
18.1111
17.8404
17.9314
18.4587
18.0278
17.8639
18.6365
18.6137
17.838
18.2154
18.3236
18.1987
18.3018
18.3491
18.7389
18.4145
18.4798
18.2755
18.0705
18.2274
18.4988
18.2572
18.0673
18.0372
18.2606
18.4458
18.3786
18.4311
18.0204
18.2265
18.3516
17.9362
18.5655
18.1101
18.2172
18.2256
18.4617
18.2835
18.0307
18.2782
18.3429
18.3076
18.2868
18.7651
18.7368
18.4411
18.0929
18.3301
18.1899
18.4956
18.5006
18.2729
18.1167
18.6473
17.8985
18.4316
18.2302
18.4451
18.1297
18.4469
18.2003
18.3119
18.1289
17.878
18.3578
17.9876
18.2259
18.3773
18.2174
18.6406
18.1908
18.2367
18.2304
18.3122
18.6732
18.3011
18.7349
18.3466
18.446
18.1702
18.1483
17.9565
18.7732
18.7054
17.9748
18.3315
18.5653
17.9788
18.0487
18.4801
18.11
18.4889
18.2438
18.2667
18.5068
18.326
18.2852
18.2072
18.7625
18.218
18.5242
18.0318
18.486
18.216
18.1727
18.2923
18.3182
18.6853
17.5926
18.3945
18.194
18.3367
18.2497
18.4009
18.4679
18.4966
18.2564
18.4227
18.4673
18.427
18.691
18.1931
18.5164
18.2754
18.4894
17.868
18.6365
18.3899
18.4437
18.3582
18.6194
18.2501
17.9536
18.8492
18.8052
17.9162
18.2573
18.1599
18.4713
18.2782
18.4515
18.2782
18.0787
18.1442
18.2052
18.4623
18.6004
18.3808
18.3084
18.5002
18.6702
18.539
18.4158
18.0546
18.3918
18.6512
18.6827
18.0576
18.5264
18.0412
18.5249
17.9902
18.4775
17.9873
18.5014
18.6574
18.5638
18.4571
18.5462
18.2339
18.2343
18.2124
18.5793
18.2829
18.6513
18.6314
18.4995
18.3934
18.7123
18.3865
18.3743
18.1454
18.0604
18.5046
18.3181
18.2682
18.5906
18.2829
18.2388
18.6815
18.8304
18.3344
18.6275
18.289
18.4133
18.7777
18.1835
18.5895
18.2822
18.1427
18.1299
18.5167
18.4294
18.9863
18.2074
18.3016
17.7254
18.4506
18.5804
18.8285
18.2248
18.1513
18.5043
18.3031
18.7057
18.0096
18.0813
18.3676
18.4671
18.4177
18.5413
18.167
18.1848
18.7291
18.4128
18.5046
18.6862
17.8424
18.0314
18.4242
18.3917
18.25
18.7074
18.232
18.3106
18.6099
18.3062
18.3949
17.9171
18.1983
17.9865
17.9981
18.0597
18.2633
18.6632
18.3145
18.2317
18.215
18.4385
18.428
18.6823
18.5733
18.2776
18.1046
18.0349
18.6673
18.5554
18.169
18.3899
18.0688
17.9234
18.2216
18.4108
18.5483
18.8656
18.214
18.4296
18.8829
18.7315
18.6122
18.3508
18.6449
18.4574
18.0423
18.3998
18.4003
18.1155
18.3232
18.1637
18.456
18.252
18.4266
18.4361
18.0523
18.233
18.1715
18.4528
18.206
18.2642
18.0641
18.3546
18.5981
18.2205
18.3595
18.2744
18.2154
18.5818
18.5665
18.3736
17.9691
18.2519
18.6174
17.9227
18.201
18.6118
18.4418
18.4416
18.5976
18.8064
18.7602
18.566
18.1988
18.5214
18.2226
18.5484
18.1313
18.4606
18.5634
18.1592
18.4283
18.7563
18.4612
18.4816
18.4068
18.4074
18.1246
18.3005
18.5285
18.6089
18.1656
18.0457
18.4407
18.3869
18.1477
17.9585
18.3465
17.7586
17.6432
18.8249
18.8702
18.3615
18.2629
18.2854
18.5344
17.9268
18.4828
18.545
18.3643
18.1618
18.4895
18.3618
18.387
18.4964
18.4793
18.1804
18.4266
18.2706
17.961
18.5375
18.5831
18.0315
18.439
18.1605
18.3492
18.6626
18.3387
18.5491
18.6191
18.5654
18.0965
18.5044
18.075
18.6491
18.2728
18.1014
18.418
18.1505
18.6
18.2114
18.1997
18.1938
18.1042
18.2778
18.1554
18.5457
18.79
18.3749
18.7525
18.2274
18.4394
18.5016
18.3579
18.7757
18.9019
17.8712
18.4368
18.0127
18.5892
18.1477
18.1901
18.4014
18.1642
18.6071
18.662
18.0789
18.338
18.2958
18.3517
17.9686
18.801
17.9912
18.7694
18.5547
18.6519
18.3697
17.8794
18.5332
17.9596
18.1422
18.3968
18.2261
18.5954
18.0474
18.6348
18.3448
18.4238
18.1493
18.0751
18.2082
18.0775
18.2819
18.1969
18.256
18.5435
18.2006
17.9428
18.2033
18.5155
18.3214
18.5143
18.5674
18.2069
18.4184
18.3113
17.8844
18.375
18.4009
18.3808
18.2361
18.1598
18.7959
18.4445
18.6002
18.612
18.2656
18.2189
18.3785
18.1973
18.5876
18.4542
18.4643
18.5834
18.2127
18.3114
18.3759
18.0349
18.5596
18.1773
18.3778
18.5002
18.0535
18.887
18.2767
18.246
18.5191
18.2737
18.2323
18.2402
18.0983
18.4374
18.414
18.1872
18.3695
18.3055
18.0264
18.0709
18.2886
17.9921
18.3273
18.2665
17.8751
18.46
18.545
17.9905
18.6473
18.2824
18.5332
18.3469
18.3271
18.4539
18.9568
18.3333
18.0372
18.5897
18.3601
18.2929
18.1945
18.1019
18.2163
18.7591
18.2456
18.9168
18.1268
18.1793
18.2097
18.0665
18.4148
18.275
18.4489
18.3185
18.0993
18.0789
18.0608
17.8145
18.0429
18.4661
18.3784
18.334
18.4755
18.4435
18.6803
18.2546
18.2623
18.6869
18.2318
17.8975
18.0113
18.292
18.0482
18.2211
18.6267
18.2741
18.399
18.3145
18.3732
18.3871
18.2652
17.7757
18.3763
18.1302
18.7472
18.3478
18.1317
18.3958
18.0002
18.3741
17.8686
18.3611
18.4991
18.2117
18.1236
18.4731
18.466
18.1988
18.365
18.0146
18.0127
18.3965
18.2328
18.19
18.4282
17.9582
18.2826
18.5254
18.67
18.4693
17.9119
18.3094
18.0286
18.167
17.9308
18.2604
18.284
18.6308
18.1292
18.1236
18.0579
18.2268
17.915
18.5705
18.1873
18.2692
18.6633
18.1002
18.472
18.2902
18.3831
18.0076
18.4583
18.5409
18.1558
17.9844
18.6085
18.3309
18.1975
18.5397
18.3206
18.3753
18.4729
18.429
18.2576
18.1137
18.5141
18.2874
18.3694
18.046
18.5724
17.9888
18.0239
18.4007
18.1957
18.061
18.5349
17.8458
18.3277
18.0101
17.8928
17.9795
17.9974
18.4325
17.9665
18.283
18.0786
18.1403
18.1709
18.3071
18.1292
18.2148
18.6401
17.95
17.9897
17.9744
18.5678
18.2729
18.4421
18.4005
18.268
18.1242
18.054
18.2386
18.2451
18.2075
18.1991
18.1413
18.073
18.3277
18.4482
17.956
18.1245
18.3318
18.4449
18.1556
18.3063
17.8378
18.37
18.3401
18.1995
18.3376
18.0015
18.1406
18.0337
18.5169
18.0484
18.3938
18.226
18.2496
17.9768
18.077
18.5919
17.9398
18.6563
17.8579
18.5065
18.2554
18.0017
17.7094
18.0168
18.2297
18.5052
17.9617
17.9246
18.3786
18.0922
18.2864
18.2975
18.2001
17.8661
18.5519
18.605
18.2725
18.2692
18.1276
18.6215
18.2587
18.2978
17.898
17.9325
17.9985
18.072
18.3192
18.3854
18.4344
18.6202
18.8759
18.1776
17.9198
18.5519
18.1237
18.1837
17.8095
18.392
18.5281
18.462
18.4974
18.2677
18.2661
18.2302
18.4426
18.2858
18.6465
18.32
18.5452
17.9809
18.4121
18.1213
18.5823
18.3562
18.646
18.506
18.3726
18.5682
18.3577
18.5272
18.0279
18.6727
18.7642
18.5242
18.4266
18.0688
18.0529
18.4848
18.284
18.4277
18.5012
18.2463
18.2661
18.5883
18.1569
18.2597
18.0453
18.2742
18.2156
18.1675
18.3684
18.4195
17.998
18.2232
18.3636
18.6168
18.2551
18.5101
18.136
18.3361
18.4022
18.304
18.2008
18.4402
18.2174
18.4761
18.1617
18.4677
18.3878
18.2322
18.2321
18.4346
18.3684
18.1396
18.1694
18.0075
18.4329
18.2982
18.2953
17.9825
18.2537
17.9194
18.1748
17.9434
18.0742
18.2496
18.2316
17.7848
18.5242
18.0902
18.3131
17.94
18.0801
18.2132
17.8743
17.9999
17.8631
18.0655
18.053
18.0247
18.4691
18.1234
18.1964
18.1717
17.524
18.0533
18.1191
18.0741
18.2383
18.4232
18.1874
18.2215
18.0616
18.2303
18.1354
17.8261
18.3275
17.9964
17.8775
18.3495
17.951
17.8392
18.3421
18.3006
18.3019
17.7531
17.8614
18.1523
18.7171
18.1936
18.2129
17.7856
18.2071
18.1118
18.1208
18.3815
18.1854
17.9285
18.066
18.1345
17.9267
17.8598
17.9227
18.1214
17.97
18.0814
18.385
18.1593
18.2659
18.3337
18.0635
17.7623
18.0996
18.0249
18.0108
18.419
18.1055
18.4413
17.7612
18.0452
18.0389
18.0067
18.3323
17.9821
18.398
18.1305
18.5419
18.1681
18.5282
18.3495
17.9845
17.923
18.2229
18.183
18.4275
18.3996
18.281
18.6571
17.8826
18.4143
18.0036
18.2632
18.3056
18.1208
17.5656
17.9834
18.308
18.0383
18.3539
18.25
18.1363
18.0158
18.2952
18.0353
18.2658
18.3285
18.4325
18.2849
18.3581
17.7935
18.0501
18.3615
18.4159
18.3273
18.1186
17.8969
18.3946
18.0695
17.9021
17.9247
18.0888
17.9705
18.0189
18.5059
18.0803
17.8391
18.0589
18.6819
18.0282
18.466
18.2202
18.5296
18.2242
18.045
18.3346
17.5272
18.0111
17.8536
18.4079
17.9969
18.0522
18.0244
18.0222
18.119
18.2537
18.1774
18.1467
18.1952
18.5574
18.2749
18.0358
17.99
18.236
18.1019
17.9462
18.0481
18.2022
17.9933
18.456
18.1334
18.2219
18.4762
18.6033
18.5753
18.2511
18.6133
18.5362
18.2315
18.3117
18.7063
18.7515
18.1012
18.5314
18.7242
18.1416
18.4142
18.3807
18.4004
18.4042
18.6686
18.653
18.2869
18.4269
18.3785
18.5906
18.3393
18.292
18.4848
18.3104
18.4664
18.6915
18.4132
18.5046
18.362
18.1177
18.0612
18.2179
18.625
18.1328
18.3663
18.4715
18.5818
18.6083
18.4725
18.3435
18.1766
18.3727
18.3637
18.3915
18.4862
18.455
18.993
18.108
17.9038
18.5805
18.6259
18.2034
18.7327
18.2564
18.6593
18.2693
18.6072
18.8627
18.0081
18.5706
18.2019
18.5607
18.3825
18.6434
18.6848
18.5584
18.3472
18.2138
18.5632
18.4461
18.6221
18.4317
18.4153
18.2228
18.609
18.1255
18.4867
18.4368
18.2512
18.197
18.6585
18.6825
18.2186
18.0622
18.6946
18.6036
18.171
18.5192
18.1535
18.034
18.4224
17.9235
17.7698
18.2929
17.9223
17.9489
17.7338
18.4068
18.484
18.592
18.3093
18.4055
18.5113
18.1174
17.9261
18.0951
17.985
18.0195
18.5391
18.6324
18.1796
18.263
17.9867
18.3625
18.2222
18.3548
18.2942
18.3142
18.4238
18.3349
18.2349
18.0909
18.1678
18.6023
18.2892
18.1938
18.4293
18.3158
18.359
18.0204
18.1772
18.2119
18.3201
18.725
18.3733
18.2626
18.2008
18.2002
18.2267
18.5159
17.9326
18.3272
18.2565
18.4992
18.125
18.2474
18.4279
18.4774
18.4176
18.03
18.0011
18.2916
18.4934
18.2467
18.5283
18.0849
18.7107
18.2679
18.68
18.4904
18.4072
18.4799
18.1715
18.3428
18.2818
17.98
18.3974
18.3254
18.3096
18.1756
18.4565
18.3308
18.6803
18.4107
18.2613
18.3127
18.3468
18.1795
18.0245
18.2969
18.5017
18.4236
17.8767
18.7589
18.157
18.3303
18.1201
18.1518
18.5233
18.3099
18.1009
18.4442
18.7775
18.5248
18.5416
18.1902
18.3875
18.3934
18.1976
18.4513
18.8127
18.4856
18.0369
17.9839
18.1379
18.0107
18.4412
18.2781
18.6944
18.3767
18.4912
18.6427
18.4804
18.415
18.3261
18.2957
18.6112
18.6272
18.3736
18.8426
18.7317
18.0509
18.6068
18.3456
18.692
18.654
17.8422
18.2498
18.7624
18.1558
18.4182
18.7072
18.4739
18.3975
18.4147
18.1685
18.3335
18.4186
18.286
17.9218
18.388
18.1452
18.4117
18.6248
18.2011
18.8422
18.6695
18.4063
18.4297
18.3042
18.2375
18.635
18.6745
18.4014
18.6324
18.2464
18.4752
19.0173
18.0555
18.3957
18.4423
18.7102
18.1534
18.3923
17.8975
18.2796
18.2029
17.9771
18.2262
18.2627
18.1841
17.9551
18.2389
18.9126
18.4084
18.4845
18.4335
18.1164
18.0433
18.5652
18.0888
18.1051
18.3948
18.0953
17.886
18.1225
18.4416
17.7328
18.2276
18.2708
18.7015
17.9634
17.8384
18.4564
18.9891
18.4286
18.1036
18.1611
18.1383
18.4014
17.8628
18.2727
18.2201
18.1774
18.5677
17.8884
18.1308
18.1563
18.1184
18.0476
18.2137
18.4127
18.5127
18.0824
18.7129
18.4018
18.5328
18.4955
18.2685
18.4691
18.0617
18.3227
18.3252
18.4472
18.3705
18.4645
18.6664
18.5752
18.0104
18.2509
18.2621
18.2921
18.7005
18.416
18.6414
18.3246
18.1259
18.2404
18.1433
18.3167
18.188
18.5199
17.9586
18.3023
18.1608
18.052
18.3718
17.9979
18.0902
18.2553
18.0964
18.1144
18.8239
18.1327
18.8113
18.0124
17.793
18.1083
18.469
17.9335
17.7098
18.3465
18.4138
18.3076
18.3338
18.2709
18.2384
18.3186
17.9685
18.1024
18.6184
18.4191
18.3913
18.2879
18.504
18.0867
17.8674
18.3666
18.4301
18.2156
18.447
18.2368
18.2851
18.1223
18.065
18.1359
18.0561
18.0553
18.5453
18.1205
18.0767
18.4593
18.34
17.9978
18.5098
18.1758
18.2675
18.4485
18.6428
18.5878
18.0193
18.3204
18.3312
18.2906
18.2413
18.1093
18.3948
18.2138
18.2856
18.3163
18.4043
18.1784
18.2497
18.3357
18.2296
18.2937
18.3785
18.0255
17.9329
18.274
18.6037
17.8129
18.4748
18.3694
18.1804
18.0516
18.3035
18.3486
18.2326
18.7686
18.3085
18.1139
18.624
18.4004
18.073
18.3283
18.6254
18.7012
18.0522
18.3674
18.072
18.0014
18.5597
18.6309
18.1415
18.3788
18.4232
18.5366
18.2323
18.1799
18.2907
18.3762
18.2353
18.5568
18.0286
18.1696
18.6173
18.4074
18.3225
18.292
18.678
18.3842
18.4532
17.9759
17.9278
18.19
18.3193
18.0362
18.2334
18.5005
18.3747
18.6453
18.392
18.2055
18.024
18.2018
18.2583
18.3292
18.1004
18.1871
18.2261
18.1122
18.4316
18.195
18.3217
18.5031
18.2529
18.3058
18.0583
18.0273
18.1244
17.8255
18.0377
18.4278
18.5689
18.468
18.3802
17.8643
17.7757
18.4188
18.0725
18.304
18.508
18.6635
18.1946
18.0837
17.9752
17.8623
18.7693
18.1109
18.306
17.4975
17.4842
18.0601
18.0065
18.2273
18.1741
18.2862
18.378
18.312
17.8902
18.0443
18.1839
17.7528
17.8377
18.1645
18.3916
17.8758
18.2143
18.2186
17.8626
18.7734
18.4889
17.7662
18.0264
18.1965
17.8669
18.1001
18.3376
18.2802
17.74
18.0261
18.2423
18.3073
18.3393
18.1823
18.5666
18.2901
17.9819
17.9497
17.952
17.9473
18.1387
18.5267
18.4886
18.2263
18.3998
18.1861
18.0442
18.275
18.0924
18.196
18.0241
18.4669
18.4382
18.2382
18.2754
18.0877
17.7525
18.0399
17.6354
18.3601
18.6174
17.9623
18.0784
18.2235
18.2592
18.1414
18.1394
18.3177
18.1324
18.2545
18.1794
17.9567
18.1664
18.0852
17.8583
18.3906
18.2748
18.1506
17.9252
18.4669
18.2077
17.8425
17.7684
18.4053
18.6103
18.1071
18.1549
17.9477
18.4076
17.9103
18.3832
18.2442
18.156
18.2418
17.8934
17.7784
17.8915
18.1536
18.229
17.8871
17.8581
17.9971
17.7123
18.2532
18.127
18.1304
18.1239
17.988
17.7068
18.0219
18.265
18.41
18.6519
17.9227
18.4438
17.9241
18.0906
17.8844
18.1328
18.0541
18.1626
18.3508
18.0359
17.9816
18.3499
18.0124
18.1442
17.8523
18.3879
18.2061
18.0368
18.0523
17.7977
17.9664
17.5115
18.215
17.8009
18.087
18.4107
18.2251
18.4372
18.0014
17.9322
17.818
17.8076
17.749
18.148
17.987
18.248
18.0494
18.5486
18.0569
18.2588
18.1596
18.2668
18.2266
18.0517
18.2355
18.0304
18.254
18.3461
17.6528
18.1867
18.2086
18.0355
17.9286
18.3176
18.3277
17.9848
17.9345
18.2561
18.1413
18.0593
17.799
17.8094
17.9894
18.0874
17.9751
18.2924
17.8554
18.3798
18.2656
18.1076
18.2572
18.3805
17.8143
18.3976
18.2003
18.0719
18.0763
18.2531
18.3702
18.109
18.2529
18.5068
18.5296
18.4158
17.8866
17.9802
18.1119
18.3011
18.0493
18.4648
18.1601
17.9225
18.2259
18.234
17.9708
18.642
18.2131
17.7625
18.5295
18.3497
18.4526
18.3867
18.3221
18.2866
17.7848
18.1396
17.9185
18.4399
18.2157
17.9917
18.267
17.9959
18.5619
18.3293
17.865
18.2443
17.9887
18.1167
18.3961
18.3545
18.106
18.4593
18.2372
18.0928
18.4986
18.2314
17.9263
18.0476
17.6506
18.1442
18.5583
17.7187
18.2529
18.103
18.2292
17.9448
18.1183
18.311
17.9493
17.4364
18.0531
18.6269
17.7415
18.5891
17.9443
17.8334
18.0798
18.0085
17.9489
18.1006
18.0768
18.3006
18.4423
18.0192
17.7381
17.6511
17.6441
18.1046
17.9862
18.1684
18.1591
18.3948
18.0316
17.9554
17.9236
17.8474
18.1362
17.8937
18.15
18.0909
18.013
18.2371
18.018
18.0635
18.5466
17.7951
18.1511
18.4698
18.0215
18.0244
18.0271
18.1789
17.8853
18.0453
17.7786
17.5298
17.7893
17.9546
17.8606
18.2092
17.7993
18.0312
18.2092
18.2545
18.612
18.3991
18.3008
18.2292
17.9503
17.9728
18.2804
18.1357
18.1416
18.0752
18.2331
18.0326
18.0492
17.9758
18.1337
18.0353
18.066
18.0888
18.5394
18.2144
18.0846
18.0238
18.2358
17.8906
18.0106
18.2064
17.8836
18.517
17.9679
17.9122
18.1735
17.7654
17.9361
17.9487
18.558
17.9617
17.9737
18.185
17.7467
18.1984
18.1311
18.4983
18.2289
18.0568
18.2691
18.3166
17.8655
18.0694
18.04
17.8925
18.2204
18.4244
18.2726
18.0548
18.2601
18.2285
18.1965
18.1041
18.3785
17.8145
18.4061
18.1811
17.9128
18.1745
18.4603
18.0351
18.3422
18.4515
17.66
17.7883
18.1909
18.2809
18.0357
18.1667
17.7536
18.1874
17.6994
18.2378
17.9872
18.1702
18.2379
18.298
18.3237
18.4802
18.2211
17.8251
18.0331
18.1004
17.8352
18.1631
18.3212
18.0914
18.1045
18.5634
18.1712
18.3401
18.1082
18.2574
18.1848
18.0056
17.755
17.676
18.2564
18.7254
18.7467
18.1678
17.9461
18.009
18.5684
18.305
18.5696
18.2779
18.5907
17.9865
18.2658
18.3597
18.044
18.4218
18.2992
18.5631
18.1361
18.3492
18.6541
18.2967
18.3364
18.4099
18.5295
18.6565
18.2737
18.5407
18.276
18.3615
18.7374
18.1919
18.3127
18.5187
18.2628
18.5306
18.9563
18.4606
17.9844
18.2151
18.5525
18.1332
18.2622
18.004
18.1406
18.4881
18.1663
18.0465
17.9156
18.1201
18.6773
18.5957
18.6881
18.3861
18.4024
17.9901
18.581
18.2616
18.3718
18.2751
18.137
18.1143
18.5868
18.2553
18.5772
18.5813
18.2876
18.2384
18.5274
18.2108
18.0776
18.4329
18.7525
18.0086
18.0806
18.4668
18.4244
18.5443
18.5506
18.3838
18.3809
18.4081
18.4924
18.2136
18.3046
18.5713
18.087
18.2775
18.393
18.5482
18.5912
18.2232
18.2608
17.9651
18.5107
18.1631
18.1246
18.1198
18.4527
18.4545
18.6967
18.3582
18.5638
18.8205
18.0728
18.3795
18.4022
18.4292
18.025
18.381
18.0867
18.6133
18.3438
18.6443
18.5815
18.0518
18.4545
18.4243
18.2791
18.1418
18.2399
18.3411
18.3065
18.7062
18.4721
18.5724
18.4356
18.2032
18.2854
18.2316
18.6516
18.3005
18.2191
18.607
18.3605
18.6644
18.5134
18.3552
18.2667
18.3161
18.2879
18.3604
18.3038
18.187
18.7404
17.9859
18.3646
18.3642
17.9083
18.1341
17.9585
17.9618
18.4195
17.9818
18.2305
18.1585
18.6082
18.2411
18.06
17.9476
18.2854
17.857
18.3167
18.2203
18.3699
17.6152
18.2209
18.0244
18.3609
17.6199
18.0717
17.8381
18.0053
18.4686
18.1893
18.2249
18.3097
18.2887
18.4565
18.0018
18.2847
18.273
18.1758
18.0743
18.5824
18.1673
18.2178
18.0094
18.1882
18.4555
18.0946
18.1645
17.7183
18.1896
18.2785
18.0639
18.338
18.5885
18.0379
17.8687
18.2156
18.1395
18.4203
18.5553
18.1445
17.8532
18.2688
18.0019
17.934
18.4022
18.426
17.9579
17.9421
18.692
17.8506
18.1888
18.2508
18.7707
18.3696
17.9896
18.372
18.5747
18.039
18.7292
18.3173
18.4286
18.4454
18.2821
18.8445
18.1016
18.2851
18.3317
18.3332
18.2078
18.5185
18.3917
18.3156
18.4792
18.5089
18.1421
18.5897
18.4024
18.6842
18.4659
18.3584
18.4684
18.2973
18.4592
17.9363
18.1734
18.4503
18.4818
18.5638
18.7561
18.5897
18.4126
18.6185
18.0137
18.6719
18.3954
18.629
17.9938
18.7142
18.593
18.43
18.3398
18.4264
18.46
18.4008
18.351
18.4941
18.3769
18.5161
18.4641
18.1195
18.4773
18.4528
18.092
18.3328
18.5562
18.4756
18.3861
18.199
18.4954
18.6725
18.3503
18.2947
18.4453
18.6015
18.3065
18.4598
18.2727
18.2474
18.209
18.1976
18.3107
18.4892
17.994
18.1767
18.4452
18.4874
18.2597
18.4849
18.4304
18.5791
18.1007
18.4874
18.3025
18.4255
18.2651
18.024
18.1661
18.3099
18.3838
18.4067
18.564
18.5466
18.054
18.3218
18.3468
18.8012
18.191
18.8125
18.3051
18.1334
18.5296
18.1861
17.7203
18.4933
18.3233
18.521
19.0244
18.0701
18.218
18.4542
18.3781
18.6777
18.3133
18.1143
17.8554
18.3792
18.041
18.1968
18.3373
18.4846
18.4295
18.3871
18.0177
18.244
18.3583
18.6024
18.4782
18.2053
18.3948
17.7452
18.0341
18.2638
18.2228
18.229
18.208
18.3505
18.0599
17.8927
18.4131
18.1636
18.6754
18.2325
18.2911
18.2713
18.3193
18.741
18.3426
18.8413
18.0389
18.2427
18.147
18.4379
18.2943
18.6748
18.7897
18.3186
18.1678
18.1702
18.7675
18.5352
18.2747
18.807
18.1245
18.4968
18.4606
18.2937
18.0035
18.531
18.3709
18.2697
18.3871
18.399
18.7846
18.1151
18.3044
18.4803
18.561
18.3313
18.4931
18.445
18.4931
18.4474
18.3661
18.2999
18.5784
18.3419
18.5343
18.4605
18.1582
18.5426
18.4532
18.3477
18.3362
18.3911
18.3354
18.4605
18.4704
18.4058
18.4268
18.7191
18.2629
18.6274
18.6046
18.6307
18.496
18.7651
18.446
18.2378
18.4629
18.0697
18.3894
18.0042
18.2198
18.0474
18.2313
17.8128
17.8907
17.9473
18.3306
17.9684
17.8453
18.1658
17.8925
17.9729
18.0116
17.9843
18.3111
18.0029
17.979
17.9398
18.1975
18.474
18.282
18.233
18.0369
18.3655
18.4063
18.2262
17.8629
17.4364
17.9046
18.1693
18.1676
18.0837
18.2048
18.0046
17.9065
18.2928
18.0393
18.2711
17.794
18.149
18.2788
18.7168
18.2266
18.142
18.3711
18.2234
18.473
18.2746
18.2793
18.4046
18.4834
17.9441
17.8079
18.1274
18.4737
18.058
18.1003
18.2589
18.0969
18.0739
18.1926
18.2415
18.433
18.4605
18.153
18.1153
18.1466
18.1211
18.2282
17.7954
18.0494
18.4393
18.2222
18.1656
18.6416
18.0009
18.7442
18.3411
17.9122
18.3826
18.4998
18.1378
18.2434
18.1006
18.3639
18.3806
18.1771
18.3819
18.0387
18.0917
17.932
18.4284
18.5523
18.1706
18.4019
18.1217
17.8509
17.9674
18.2785
18.1857
17.933
18.5133
18.2171
17.9514
18.3938
18.0224
18.2158
18.6275
18.1387
18.3714
18.5467
18.2455
18.6977
18.403
18.5075
18.2788
18.0974
18.3072
18.0269
18.1858
18.4028
18.1644
18.6252
18.3439
18.619
18.3991
18.2718
18.31
18.0547
17.9173
18.306
18.3991
18.2414
17.9392
18.312
18.4402
18.2524
18.8011
18.258
18.111
18.3294
18.2904
18.0363
18.3653
18.3549
18.6971
18.3941
18.15
18.1082
18.7043
18.6559
18.23
18.4476
17.9196
18.3575
18.2227
18.48
18.735
18.365
18.2772
18.4483
18.1561
18.53
18.1575
18.5536
18.3913
18.5327
18.3106
18.2886
18.2887
18.3831
18.0088
17.8941
18.5373
18.097
18.7419
18.8862
18.3836
18.3376
18.4553
18.6301
18.4491
18.3842
18.0809
18.3783
18.5363
18.1763
18.4065
18.4111
18.1582
18.0674
17.804
17.8548
18.5693
18.4671
18.1159
18.5849
18.3948
18.4084
18.4079
18.4494
18.3191
18.0322
18.4229
18.373
18.7208
18.5535
18.2362
18.2518
18.247
17.6407
17.8039
18.054
18.2933
18.3703
18.2076
18.3992
18.031
18.1261
18.1643
18.2554
18.2788
18.3069
18.5253
18.1779
17.9521
18.3673
18.1883
17.9427
18.1183
18.0472
18.1358
17.6848
18.4615
18.1852
18.0963
17.9746
17.9615
18.8989
18.1057
18.356
17.8746
18.3536
18.021
18.414
17.7578
18.6201
17.9832
18.5077
18.4938
18.2069
18.2713
18.1835
18.3068
18.1903
18.2896
18.0781
18.0302
17.9333
18.2005
18.1991
18.2408
18.0212
18.4017
18.145
18.1021
18.2983
18.0022
18.0921
18.3218
18.3668
18.1536
18.3159
17.7802
17.7094
18.4767
18.1271
17.8246
18.2805
17.9468
17.9698
18.3324
17.8824
18.4002
18.1053
18.3417
18.154
18.5862
18.1483
18.2457
17.6781
18.0564
18.0399
18.3696
18.3258
18.4308
18.0796
18.3893
18.5767
17.8852
18.1413
17.7996
18.2641
18.2946
18.4129
18.1619
18.1303
17.5464
18.1427
18.057
18.1622
18.1951
18.0062
18.3574
18.0741
18.3132
18.0632
18.146
18.3609
18.2195
18.3513
17.9985
17.9342
18.2396
17.9491
18.0604
17.9383
17.9237
17.9182
17.8849
18.5839
18.4243
18.1424
18.0366
17.9804
18.4268
17.8903
18.2264
17.9755
18.1475
18.3594
18.0912
18.1687
18.3923
18.4053
17.9125
18.566
18.4617
17.9943
18.4539
18.2026
18.4161
18.2167
18.1499
18.1318
18.3962
18.6291
18.0002
18.3719
18.0118
18.7897
18.2119
18.0388
18.2011
18.5418
17.9796
18.3584
18.1469
18.1596
17.9789
18.1754
18.256
18.0406
17.7945
18.19
18.2398
18.0357
18.4003
18.0269
18.136
18.2726
18.0565
18.1517
17.9095
18.4727
18.0396
18.4821
18.4223
18.3054
18.1338
17.8011
17.951
18.0419
18.0805
18.227
18.0687
18.2599
18.2835
18.0026
18.1755
18.1934
18.0756
18.3678
18.4962
17.9766
17.9994
18.1487
18.0723
18.0941
18.0312
18.5315
18.2344
18.3888
18.1334
18.4364
18.4423
18.6503
18.3278
18.333
18.186
17.9273
18.3765
18.2861
18.1413
18.5282
18.7322
18.5137
18.2039
18.3908
18.4802
18.1367
18.2141
18.0769
18.4885
18.5767
18.5615
18.6934
18.1457
18.2972
18.6379
18.3202
18.0566
18.2323
18.2479
18.3819
18.2714
18.5411
18.2741
18.0066
18.3492
18.0331
18.3653
18.3495
18.3269
17.9891
18.6315
18.035
18.1918
18.1321
18.2136
17.9192
18.5598
18.4433
18.2775
18.1844
17.9048
18.0082
18.1734
18.256
18.4309
18.3279
18.0497
18.1612
18.6231
18.0885
18.3472
18.4089
18.1839
18.2822
18.5582
18.2347
18.5033
18.3865
18.2674
17.7225
18.4589
18.1445
18.5731
18.3438
18.7096
18.4338
18.0822
18.3027
18.117
18.2328
18.3316
17.8689
18.2248
17.9854
18.2617
18.3515
17.9409
18.5359
18.2954
18.3794
17.9496
18.3798
18.2087
18.0467
18.4816
18.1254
18.5769
18.07
18.5305
18.4189
18.2176
18.0473
17.9084
17.9685
18.2425
17.9805
18.4316
18.4021
18.5542
17.9805
18.1426
18.1573
18.3273
18.2416
18.0118
18.2568
18.5116
18.3136
18.5108
18.1462
18.3088
18.4261
18.3945
18.3804
18.4522
17.9986
18.5964
18.4343
18.559
18.3818
18.6853
18.4756
18.0907
18.0561
18.5001
18.1003
18.2327
18.5315
18.447
18.4217
18.4561
18.5941
18.3398
18.3637
18.4049
18.0474
18.4609
18.079
18.676
18.5951
18.3063
18.6276
18.3286
18.265
18.5204
18.1881
18.4731
18.2979
18.2209
18.6971
18.1609
18.4573
18.3437
18.6582
18.0569
17.985
18.5249
18.1578
17.941
18.2774
18.6317
18.6231
18.1137
18.5149
18.2634
18.0659
18.0021
18.0457
18.529
18.6998
18.6566
18.5873
18.38
18.7279
18.2328
18.3508
18.3417
18.3384
18.197
18.4542
18.3845
18.2362
18.4513
18.1049
18.4482
18.2032
18.3976
18.754
18.2669
18.3803
18.2697
18.2268
18.4811
18.7509
18.1365
18.1974
18.5272
18.2305
18.1398
18.195
18.4017
18.4175
18.2327
18.8048
18.5847
18.7685
18.8782
18.129
17.9452
18.4311
18.4521
18.5626
18.4992
18.3861
18.1078
18.1135
18.3563
18.5359
18.6067
18.3648
18.2233
18.2923
19.0078
18.534
18.1855
18.5409
18.2511
18.3487
18.4879
18.3115
18.3525
18.6156
18.4759
18.3334
18.4737
18.3274
18.5585
18.5091
18.4785
18.2178
18.5021
18.2504
18.4861
18.7423
18.3138
18.3802
18.2198
18.2354
17.7663
18.283
18.3812
18.6869
17.9527
17.8734
18.563
18.0851
18.4851
18.0754
18.1999
18.2464
18.3179
18.2235
17.9821
18.5541
18.5456
18.0499
18.1142
18.4299
18.4356
18.3208
18.0115
18.1891
18.2375
18.2174
18.3998
17.9911
18.7051
18.373
17.8489
18.0393
18.0673
18.0452
17.8817
18.2314
18.3613
18.0074
18.2345
18.1405
17.8448
18.3706
18.473
18.1835
18.3192
18.2892
17.8668
18.225
18.4929
18.1369
18.609
18.0159
18.3285
18.045
18.2391
18.5475
18.2675
18.1895
18.2576
18.4213
18.2113
18.371
18.4225
18.2403
18.1715
18.1949
17.8872
18.3307
18.6724
17.9675
17.873
18.5404
18.2944
18.5801
18.3007
18.1451
18.0755
17.8852
18.5172
18.1433
18.0489
18.3423
18.3304
18.1986
18.1385
18.2855
18.3116
18.4009
18.7008
18.3907
18.1232
18.0916
18.4487
18.2897
18.1905
18.0152
18.5082
18.2481
18.7036
18.2944
18.479
17.9512
18.1408
18.4981
18.316
18.255
18.484
17.9262
17.9558
18.095
18.3443
18.1005
18.2972
18.1096
18.333
18.0664
18.2541
18.4684
18.349
17.9853
18.2923
18.5343
18.4694
18.4213
18.0825
18.4192
18.2696
18.4527
17.965
18.3251
18.4969
18.2824
18.4616
18.1605
18.3866
18.0213
18.269
18.2393
18.4958
18.2132
18.355
18.2808
18.044
18.5098
18.3757
18.466
18.1693
18.0987
18.3059
18.231
18.4433
17.9394
18.3239
18.2588
18.4039
18.6139
18.5271
18.5035
18.7102
18.5129
18.439
18.0271
18.3066
18.5278
18.5663
18.1625
17.9621
18.3288
18.4124
18.4208
18.4794
18.2694
18.6042
18.0927
18.2535
18.1131
17.7642
18.1155
17.8837
18.4943
18.3039
18.159
18.2989
18.3609
17.5914
18.4423
18.0371
17.9705
18.4568
18.0151
18.3815
17.7077
18.1689
18.2523
18.4741
18.0949
18.4191
17.724
18.4484
17.9753
18.4888
18.451
18.1029
18.3248
18.2166
18.7165
18.2363
17.7221
18.4055
18.4537
18.5287
18.0293
18.1395
18.5889
18.0336
18.7387
18.3357
18.4242
18.4756
18.1378
17.958
18.5822
18.3947
17.7582
18.0721
18.1601
18.0337
18.1922
18.4053
18.6278
18.103
18.2273
18.0836
18.547
18.0726
18.1356
18.4114
18.5913
18.1448
18.3379
18.2259
18.2521
18.0523
17.9411
18.2715
18.2238
18.1215
18.2555
18.496
18.0798
18.3735
18.1388
17.8888
18.6105
18.1363
18.2898
18.3089
18.1494
18.2254
18.4328
18.2926
18.0369
18.5569
18.344
18.1917
18.0413
18.5686
18.2888
18.0594
18.5929
18.4501
18.2023
18.1917
18.8044
18.4278
18.3944
18.5292
18.2621
18.4097
18.2307
18.2073
18.5061
18.3781
18.2026
18.4455
18.126
18.6463
18.4373
18.3639
18.7266
18.3789
18.4836
18.4868
18.3689
18.1504
18.3762
18.5148
18.2986
18.3536
17.942
18.2812
18.7148
18.1459
18.8527
18.2347
18.379
18.3473
18.2831
18.3278
18.4117
18.3427
18.8989
18.9598
18.7575
19.2306
18.634
18.7101
18.2551
18.4605
18.2755
18.3695
18.608
17.9864
18.3984
18.6748
18.2936
18.2471
18.3588
18.5347
18.3208
18.4712
18.3791
18.453
18.833
18.0119
18.1152
18.5055
18.1827
18.1774
18.6453
18.485
19.0501
18.3038
18.2186
18.1649
18.2199
18.3746
18.4328
18.0813
17.8863
18.3601
17.9321
18.3054
18.1591
18.1258
18.0124
18.5981
18.1242
18.5081
17.9418
17.6932
18.4385
17.9369
18.4578
18.0969
17.9738
18.3292
18.2524
18.0971
17.9361
17.9602
18.1421
17.9607
18.0489
18.0755
18.4018
18.5188
18.4155
17.9221
18.2232
18.4185
18.0709
18.0006
17.9184
18.1062
17.9115
18.019
17.9553
17.8043
18.4434
18.267
18.2901
18.2796
18.5257
18.3407
17.8191
18.1886
18.1823
18.2283
18.3238
18.2177
18.2312
18.1712
18.0864
18.1578
18.2421
18.4029
18.279
17.8277
18.4453
18.1984
17.8502
18.269
17.8931
18.2212
18.2912
18.3357
18.3996
18.6017
18.2666
18.698
18.2119
18.0399
18.584
18.1941
18.5192
18.1309
18.4784
18.3759
18.2461
18.3085
17.9874
17.8385
17.8674
18.3814
18.9095
18.1658
18.2781
17.9428
18.4754
18.6373
17.89
18.1031
18.0406
18.218
18.5553
18.12
18.2152
17.9045
18.27
18.4532
18.7203
18.4645
18.0972
18.5236
18.4338
18.387
18.1112
18.5367
18.1218
18.2528
18.5563
18.4549
18.443
18.489
18.4057
18.4768
18.2265
18.6902
18.5305
18.3227
18.6095
18.1882
18.4624
18.2306
18.3282
18.5382
18.2191
18.3872
18.4744
17.9429
18.2679
18.4003
18.7299
18.1857
18.2568
18.3787
18.4462
18.5695
18.5887
18.516
18.5202
18.1077
18.5791
18.6147
18.5361
18.4415
18.6339
18.0632
18.4901
18.5886
18.4589
18.7186
18.3379
18.6304
18.2993
18.7069
18.309
18.3139
18.3419
18.666
18.4272
18.0209
17.8744
18.2579
18.6902
18.2347
18.8545
18.1456
18.2841
18.474
18.6518
18.1691
18.4316
18.0922
18.5307
18.2213
18.6097
18.4793
18.1824
18.2671
17.9047
18.3501
18.3334
18.2054
18.4408
18.2017
18.075
18.3014
18.368
18.4528
18.3658
18.3592
18.1975
18.3852
18.4845
18.3987
18.3173
18.5061
18.6602
18.1691
18.3894
18.4244
18.1499
18.4532
18.4218
18.2501
18.6731
18.4253
18.2479
18.0619
18.4104
18.1333
18.2635
18.1031
18.4063
18.3667
18.1154
18.3007
18.26
18.1436
18.0851
18.358
18.1295
18.4861
18.1672
18.7142
18.2074
18.1305
18.1272
18.6407
18.6059
17.8792
18.5036
18.0786
18.0417
18.3173
18.2197
18.3186
18.5766
18.4165
18.3997
18.33
18.2287
18.2355
18.2752
18.1024
18.5314
18.2701
18.026
18.2214
18.0373
18.5131
18.285
17.9403
18.315
18.6569
18.4143
18.4693
18.4726
18.405
18.0668
18.0829
18.4982
18.434
18.1856
18.6616
18.3342
18.5396
17.9861
17.6993
18.4583
18.6377
18.0776
18.5202
17.9675
18.1554
18.2261
18.1605
18.4742
17.9881
18.4367
18.2494
18.3431
17.6405
18.3485
18.2204
18.2628
18.1934
18.3966
18.5574
18.5822
18.0925
18.7681
18.25
18.2469
18.4491
18.1542
17.9865
18.0858
18.5355
18.2881
18.0062
18.2491
18.4476
18.0568
18.1707
18.43
18.1844
18.2969
18.2547
18.2936
18.369
18.7639
18.3691
18.7452
17.9803
18.5928
18.4365
18.2892
18.8925
18.4092
18.7764
18.4464
18.304
18.5492
18.5662
18.8038
18.5627
18.5626
18.0135
18.2995
18.1586
18.3668
18.3966
18.4729
18.6013
18.4102
18.5665
18.2289
18.6027
18.6507
18.6953
18.5444
18.5866
18.5282
18.4682
18.7283
18.353
18.5777
18.1779
18.3983
18.3803
18.3531
18.1767
18.8467
18.3462
18.1769
18.2548
18.2315
18.4637
18.5564
18.5332
18.5431
18.2731
18.7538
17.9903
18.4737
18.4705
18.339
18.2623
18.8224
18.0141
18.3892
18.402
18.6175
18.2268
18.7315
18.4484
18.1659
18.4132
18.2854
18.4581
18.3083
18.2794
17.997
18.2534
18.5333
18.4947
18.4999
18.5213
18.5123
18.3633
18.1445
18.0869
18.8269
18.6177
18.5513
18.5754
17.9768
18.5058
18.5175
18.2688
18.4635
18.6534
18.3901
17.9344
18.0823
17.9859
18.0331
18.1975
18.4252
18.4764
17.8223
18.1542
17.9516
17.8532
18.5456
18.0575
17.7683
18.4469
18.2731
18.0556
18.398
17.7771
18.196
18.1252
18.5649
18.2946
17.7804
18.5821
18.2598
18.2258
18.2374
18.2358
18.7012
18.1433
18.4318
18.0047
18.4881
18.1102
18.1109
18.2943
18.0344
18.1888
18.5403
18.3045
18.2325
18.2274
18.3841
18.5148
18.1841
17.817
18.2101
18.1048
18.4204
18.4173
18.2159
18.603
18.0931
17.9803
18.2472
18.1967
18.1584
18.3222
18.1555
18.3377
18.2182
18.486
18.5155
18.2491
18.3847
18.2376
18.5419
18.6069
18.3965
18.6444
17.7969
18.0961
18.2817
18.7195
18.8953
18.2573
18.6693
18.2134
18.1538
18.2309
17.9345
18.5577
18.2593
18.3059
17.872
18.4654
18.4795
17.8896
18.2186
18.213
18.3682
18.2811
18.3298
18.4734
18.6865
18.3779
18.5843
17.7655
18.058
18.124
18.6531
18.0108
18.2892
18.5495
18.3711
18.687
18.4043
18.3519
18.2364
18.2089
18.1592
18.3606
18.3734
18.0916
18.1638
18.7082
18.1407
17.939
18.2263
18.611
18.1951
18.3746
17.9477
18.3791
18.5725
18.3475
18.6973
18.2527
18.5347
18.5627
18.2808
18.2742
18.1335
18.3401
18.3786
17.9899
18.507
18.3127
18.2976
18.1113
18.6249
18.0509
18.1129
18.8062
18.249
18.3328
18.285
17.961
18.1014
18.1495
17.968
18.6976
18.2382
18.18
17.5599
18.3139
18.3544
18.175
18.1493
17.9539
18.1903
18.4863
17.9921
18.451
18.5581
18.2968
18.2535
18.1472
18.2169
18.4894
18.1344
18.4244
18.2206
18.5361
17.9066
17.8403
18.7763
18.3615
18.0879
18.6445
18.1314
18.3869
18.1967
18.5309
17.9629
17.9963
18.4746
18.6202
18.1357
18.2789
18.5092
18.0601
18.4302
18.4288
18.6003
18.006
18.0546
18.0795
18.2288
18.2184
18.2205
18.0094
18.0232
18.4923
18.1775
18.0445
18.1858
18.0017
18.0626
17.7953
18.619
18.1721
18.4712
18.2257
18.3112
18.1822
18.4993
17.9708
18.659
17.9412
18.0816
18.3387
18.3449
17.9849
17.9386
18.196
17.6575
17.947
18.0803
18.1262
18.2931
18.2769
18.3212
18.3709
18.3786
18.2032
18.3582
18.1015
18.0592
18.0634
18.3556
17.9855
17.6746
18.0504
18.3938
18.1306
17.9197
18.5198
18.3069
17.8433
18.2765
18.2839
18.2942
17.7068
17.8139
17.9738
18.2304
18.075
17.8643
18.1946
18.2367
17.7733
18.1569
18.1047
18.3015
18.1115
18.6371
18.4521
18.0045
18.4039
18.0336
17.8552
18.7771
17.9526
18.228
18.0673
18.5321
18.5163
18.1415
18.2622
18.2528
18.3292
18.2951
17.994
18.5277
17.9778
18.0966
18.3812
18.8321
18.0882
17.8188
18.6932
18.1272
18.1509
18.0044
18.377
18.4825
17.9927
18.5128
18.0587
18.1975
18.2563
18.2824
18.5162
18.4565
18.3648
18.4965
18.3868
18.3319
18.3734
18.3848
18.1446
18.7538
17.9041
18.3694
18.3848
18.1707
18.7323
18.5491
18.536
18.0876
17.9847
18.3534
17.8772
18.3776
18.1445
18.1862
17.809
18.2604
18.1507
18.1376
18.6837
18.4592
18.0496
18.4143
18.0557
18.2388
18.756
18.1265
18.2745
18.4661
18.3923
18.1088
18.2168
18.3883
18.6701
18.3131
18.2365
18.5721
18.3928
18.244
18.8306
17.8258
18.1524
18.3289
18.2412
18.6916
18.177
18.4518
18.4865
18.2617
18.0494
18.0872
18.0966
18.1195
18.561
18.1431
18.4274
18.5794
18.5046
18.207
18.4819
18.209
18.2376
18.1121
18.3026
18.1855
18.2666
18.1354
18.653
17.9378
17.8526
18.3094
18.6067
18.2435
18.1289
18.6856
18.8606
18.6012
18.8767
18.3412
18.6865
18.6557
18.5334
18.5525
18.5888
18.7691
18.5885
18.4248
18.6784
18.4123
18.4132
18.614
18.7012
18.4154
18.8598
18.5499
18.689
18.8858
18.4926
18.1668
18.3209
18.5811
18.7466
18.4825
18.4713
18.4703
18.1695
18.5705
18.4444
18.4397
18.4346
18.1626
18.2379
18.0336
17.8709
17.9529
18.0048
18.3461
18.2944
18.2449
18.5982
17.7763
18.1929
17.9345
17.9387
17.92
18.0791
18.1619
18.6244
18.496
17.6296
18.0358
18.1025
18.1914
17.9929
18.0891
18.2276
18.1771
18.4007
18.3223
17.8578
18.2827
18.1753
18.5277
18.2688
18.0879
17.9476
17.9984
18.5705
18.2197
18.1176
18.3222
18.4427
18.0001
18.0889
18.1827
18.0424
18.1241
17.7744
18.1184
18.3692
17.9933
17.8826
18.3636
18.2128
17.969
18.2121
18.0627
18.2198
18.1854
18.3107
18.195
18.4194
18.3548
17.911
17.7695
17.9541
17.8044
18.12
18.1573
17.9994
18.4114
17.9625
18.1036
18.4407
18.6248
18.5141
18.0668
18.1741
18.7249
18.2653
18.5971
18.0803
18.5229
18.1703
18.643
18.534
18.1544
18.5368
17.9832
18.2149
18.1594
18.6283
18.3446
18.3258
18.4292
18.4347
18.6208
18.4469
18.7036
18.3344
18.473
18.2443
18.5881
18.1496
18.5346
18.1461
18.3854
18.6139
18.222
18.8299
18.4361
18.1243
17.8531
18.3294
18.2907
18.2479
18.5298
18.4166
18.5553
18.3432
17.6906
18.6005
18.0892
18.2592
18.1502
18.4107
18.4175
18.0436
18.4675
18.0202
18.2441
18.2284
18.6278
18.6021
18.4548
18.1566
18.1779
18.3496
18.3389
18.1821
18.6446
18.1042
18.4664
17.8265
18.0745
18.3083
18.2734
18.3049
18.2303
18.6122
17.9344
18.1816
17.9944
18.0086
17.9019
18.0271
18.072
18.1745
18.6338
18.4658
18.1975
18.4713
18.6537
18.3348
18.068
18.1635
18.3672
18.1225
18.2663
18.349
18.3359
18.4891
18.1882
18.1642
18.2168
18.5606
18.9751
18.5288
19.0359
18.3499
18.547
18.6369
18.192
18.481
18.3752
18.2934
18.6757
18.4857
18.2466
18.6179
18.521
18.9059
18.6199
18.5087
18.537
18.611
18.4875
18.2695
18.607
18.6209
18.5558
18.3793
18.5733
18.6813
17.9624
18.7
18.6102
18.3443
18.1505
18.1218
18.3622
18.3657
18.1798
18.0235
18.2261
18.0658
18.1472
18.3371
18.1038
18.1245
18.165
18.3835
18.6238
18.2583
18.4064
18.1017
17.9287
18.0314
18.0489
18.4813
18.2039
18.371
17.9144
18.2824
18.1589
18.0297
18.067
18.6688
18.6538
18.258
18.5147
17.9835
18.1773
18.2649
17.9043
18.0203
18.1838
18.1559
18.3472
17.7237
18.3824
18.3289
18.1541
18.0875
18.2992
18.1353
18.2171
18.2096
18.113
18.1762
18.2284
18.3754
18.213
18.4041
18.5283
18.6117
18.0176
18.3816
18.4637
18.7622
18.2548
18.4536
18.0621
18.2803
18.5831
18.5568
18.6797
18.0458
18.2813
18.0025
18.6266
18.4136
18.4736
18.3838
18.5343
18.0695
18.5816
18.3348
18.1865
18.3552
18.2891
18.1944
18.1898
18.887
18.0425
18.5182
18.2247
18.215
18.0056
18.5701
18.2395
18.48
18.388
18.073
18.3908
18.3153
17.8325
18.1128
18.6466
18.3367
18.307
18.2405
18.8358
18.3929
18.5546
18.2338
18.1141
18.2095
18.5262
18.1708
18.3794
18.278
18.2655
18.1091
18.4968
18.2704
18.1347
18.5288
18.4501
18.3492
18.1729
18.4034
18.2904
18.3609
18.3736
18.3913
18.4677
18.2573
18.3753
18.9462
18.2818
18.4339
18.2938
18.548
18.609
18.5802
18.5362
18.7628
18.6272
18.5731
18.4465
18.3854
18.054
17.8479
18.1342
17.8069
18.3858
18.1651
17.7793
18.039
17.7566
18.3172
18.357
18.198
18.3996
18.1333
18.6238
18.1167
17.9363
18.1697
18.088
18.2121
18.3922
17.8743
18.1612
18.5759
17.9719
18.4123
17.9331
18.3443
18.3572
18.2829
18.5836
18.3832
18.1393
18.6167
18.1966
18.1961
18.6435
18.0517
18.0867
18.1317
18.1441
18.3865
18.5204
17.8903
18.4261
18.2582
18.5219
18.4442
18.0739
18.1729
18.3508
18.1839
18.2991
18.0926
18.3092
17.9094
18.2941
18.3995
18.2804
18.0612
18.0897
18.3167
18.022
17.9627
17.9263
18.0399
18.0082
18.2572
18.4672
18.2739
17.9495
18.1051
18.1411
18.2137
18.4797
18.3227
18.6982
18.3669
18.7691
18.2463
18.565
18.3443
18.4153
18.5794
18.3951
18.3668
18.0951
18.3867
18.6951
18.1773
18.4701
18.1967
18.0851
18.4721
18.4332
18.3526
18.2971
18.4564
17.9882
18.5822
18.5288
17.9417
18.2779
18.2162
18.347
17.8532
18.2438
18.0628
18.2681
17.9309
17.9245
18.3084
18.2325
18.3695
18.2392
18.2474
17.9939
17.7235
18.256
18.3969
17.9723
18.0474
18.4417
17.8428
17.8454
18.6653
17.9479
18.2217
17.9591
18.3389
17.7456
18.0111
17.8312
18.4197
18.1904
18.0711
18.0064
17.9353
18.3976
18.0033
18.0483
18.8615
18.6167
18.5428
18.5465
18.4295
18.4412
18.4828
18.4136
18.5795
18.3477
18.1633
18.7064
17.9484
18.342
17.974
17.9325
18.243
18.1046
18.1936
18.5025
18.2065
17.8999
18.5124
18.2755
18.3182
18.3722
18.3757
17.779
18.1217
18.2627
18.1783
18.1653
18.2469
18.5271
17.9026
18.4147
18.4281
18.374
18.6148
18.0863
18.3144
18.648
17.9542
18.0528
18.1718
18.5617
18.3269
18.1945
17.9625
17.827
18.0488
17.983
18.4582
18.1967
18.0631
18.6823
18.2403
18.0781
18.5624
17.8176
18.2415
18.3665
18.5055
18.1798
18.299
18.0398
18.2127
18.187
18.4432
18.2364
18.5349
17.9943
18.2558
18.3759
18.2705
18.3881
18.5685
18.5423
18.6288
18.4626
18.2202
18.4668
18.2794
18.2886
18.3746
18.3841
18.2574
18.2589
18.4789
18.5997
18.589
18.3423
18.498
18.5228
18.5312
18.367
18.2989
18.278
18.6301
18.2639
18.2872
18.3284
18.0354
18.5269
18.4751
18.4355
18.1539
18.4163
18.2491
18.4235
18.1106
18.2575
18.3733
18.2092
18.3835
18.1943
18.218
18.596
18.324
18.4997
18.301
18.3358
18.458
18.59
18.3709
18.6796
18.4221
18.4401
18.1557
18.5419
18.229
18.2456
18.3766
18.0517
18.283
18.4101
18.5682
18.3295
17.9064
18.4672
18.5946
17.9942
18.0872
18.1834
17.835
18.359
17.9347
17.9128
18.2927
18.1629
18.1715
18.3142
18.0382
18.2892
18.461
18.1882
17.9625
18.2265
18.6043
18.1296
18.3045
18.4401
18.2065
18.1731
18.0463
18.6255
18.0769
17.9719
18.4361
18.1686
18.2057
18.3171
17.9413
18.4816
18.2518
18.2436
18.4707
18.3553
18.3139
18.5622
18.2408
18.4854
18.0975
17.9876
18.0173
18.3073
18.5957
18.2635
18.1828
18.4981
18.4683
18.3558
18.3764
18.4016
18.5145
18.2387
18.5189
17.8662
18.4876
18.4292
18.4703
18.193
18.3506
17.9684
18.3215
18.6914
18.1528
18.5702
18.3707
18.4359