2.63784
2.56429
2.98796
2.8034
3.10573
2.28875
2.75093
3.04506
2.92451
2.72328
2.90026
2.89395
2.80891
2.71166
2.85796
2.93902
2.62915
2.8429
2.62251
3.04569
2.44096
3.3171
2.65694
2.60514
2.7571
2.94635
3.02531
2.8285
2.84802
2.96727
2.77686
2.69632
2.83763
2.80934
3.15062
2.70989
2.83364
2.87422
2.65241
2.78666
2.55556
3.14573
2.80021
3.35588
3.0396
2.3229
2.96374
3.13014
2.79466
3.14255
2.83048
3.31702
3.06802
2.93129
2.70486
2.6068
2.75424
2.50212
3.01484
2.98639
2.78798
2.79068
2.5218
2.70408
2.50997
3.02885
2.75786
3.28669
3.14676
2.84474
2.89472
3.05305
3.02861
2.64967
3.02133
2.81898
2.6562
2.69168
3.32775
2.87073
3.20765
2.88591
2.68382
2.6841
2.94037
2.78889
3.10495
3.14093
2.90585
2.47812
3.12084
2.979
2.91072
2.89043
2.68923
2.83978
2.76539
2.95798
2.98371
2.87654
3.03776
3.1441
3.16807
2.89768
2.66228
2.98239
3.29497
3.09352
2.75693
2.85102
2.70423
2.65303
3.06433
2.71058
2.51385
3.24142
2.77004
2.72184
2.87826
3.0346
3.30428
2.6461
2.52144
2.54741
2.9135
3.00178
2.60378
2.94661
3.24778
2.66816
2.83117
3.05925
2.8347
3.0821
3.06141
2.85016
2.92631
2.9893
3.04568
2.71309
2.81483
3.03475
3.01064
2.59926
2.66974
3.06567
2.99949
3.11705
2.15732
3.12941
2.90825
2.53004
3.00992
2.80559
2.83375
3.11178
3.19618
3.06685
2.91937
3.05637
2.45197
2.89856
2.73233
2.39034
2.598
3.07414
3.06663
3.12775
2.79218
3.06189
3.11527
2.73587
2.95334
3.10163
3.00176
2.66389
2.69171
2.67979
3.14691
2.48779
2.60586
2.53562
2.83957
2.85189
2.72751
2.57446
2.70233
2.6762
3.13476
2.97101
2.82112
3.37855
3.06252
2.73595
2.70729
2.65289
2.72087
2.58729
3.35375
2.94363
2.40033
2.55203
2.99447
2.71779
2.48565
2.94122
3.10164
2.89934
2.57822
2.9657
2.9551
3.12846
2.97308
2.97282
2.75685
2.71804
2.80377
2.47697
3.09335
2.97076
2.96449
2.64426
2.36554
2.66716
2.82765
3.10289
2.93045
2.89959
2.65803
2.81405
2.42687
2.48013
2.85819
3.10439
2.54616
2.62558
2.99872
2.61823
2.97159
2.949
2.70518
3.12154
3.06335
2.88255
2.94573
2.75167
3.24405
2.91186
2.90039
2.57142
2.87983
2.95768
2.59283
3.06702
2.957
2.67555
2.74571
2.80176
2.87318
2.66511
2.8213
2.81748
3.04369
3.10337
2.96423
2.95567
2.47572
2.2209
2.62977
2.75638
2.91846
2.51339
2.39534
3.09934
2.6133
3.13719
2.82327
2.96503
2.97667
2.72268
3.02514
3.25245
2.95016
2.8911
2.97572
2.90319
2.86833
3.17134
2.70535
2.47696
2.69307
2.57801
2.64941
2.79869
3.2983
2.73418
3.06478
3.11208
2.88294
3.07704
3.13592
3.16886
2.56671
3.25509
2.7755
3.23437
3.06477
3.15423
3.00163
2.74755
3.00254
3.18336
2.52339
2.3602
3.18904
3.0523
2.9561
2.8773
2.76835
2.92913
2.96475
2.97327
3.00745
2.8345
3.18122
3.02714
2.90623
2.83606
2.89592
3.22752
2.90298
2.77845
3.1292
3.19212
2.91325
2.90185
2.88964
2.77868
3.02206
2.93303
3.52057
3.06431
3.19388
3.14879
2.85755
2.7683
3.03552
3.2363
2.62236
3.28562
3.00346
3.31501
2.82147
3.19637
3.14309
2.9197
2.8491
2.17033
3.01239
3.45445
3.00025
3.14064
2.73966
3.0383
2.93588
2.79458
3.44168
2.98841
2.73489
3.08129
2.96383
2.98634
2.70452
2.99285
2.84573
2.68799
2.93506
3.2166
3.23386
2.90089
2.98926
2.97537
2.70198
3.03971
2.91627
2.47976
2.90592
2.5183
2.99808
3.11195
3.09883
2.87077
3.24955
3.16292
3.28446
3.46028
2.72663
2.71489
2.87816
3.05274
3.05339
2.86503
3.03465
3.12053
2.79738
3.29229
2.93405
3.23642
3.08167
2.72965
2.73386
3.12633
3.37643
2.78565
3.61471
2.80303
2.71695
3.18107
2.88515
2.88257
3.20431
2.94933
2.90523
2.75014
3.22627
2.86323
2.96935
3.18649
3.11893
3.1148
3.08779
2.86401
3.00313
2.88102
2.98821
3.23484
2.82805
3.15799
2.98476
3.07712
2.91077
3.07308
2.78609
3.05073
2.95265
3.00509
3.31586
2.39874
3.00669
3.23527
2.6992
2.92592
3.11043
2.86314
3.28272
2.94513
3.01744
3.25475
3.36961
3.34848
3.20572
3.27144
3.17698
2.99565
3.37534
3.33367
3.28436
3.27331
3.24743
2.77683
3.08653
3.0645
2.94843
2.83383
3.10271
2.71429
2.79105
3.04633
3.02514
3.15041
2.91714
3.26342
2.97102
2.75312
3.11428
3.16843
3.38262
3.25798
3.17425
3.25621
3.13207
2.89831
3.08688
2.79631
2.69312
3.0641
3.28756
3.18789
2.80788
3.13025
2.89549
3.15171
2.98626
3.34202
2.88844
3.2213
2.63552
3.1935
2.84452
3.41189
3.24983
2.80929
3.14388
2.89297
2.7645
2.50169
2.65379
2.98806
3.27532
2.76451
2.7325
2.848
3.25343
2.95487
3.54042
2.89598
2.93523
3.07616
3.3049
2.97958
2.90617
2.83178
2.91357
2.51445
2.72239
3.11362
3.16548
3.08062
3.29823
2.98962
3.29471
2.86283
3.12213
3.23917
2.77609
2.75368
2.8422
3.30778
3.37333
3.06881
3.40275
2.94566
3.05803
2.84723
3.32429
3.35043
3.1011
2.7222
3.26707
3.45065
3.06007
3.16381
3.16299
2.99042
2.97582
2.9275
3.16662
3.10901
2.75756
2.96722
3.08301
3.04465
3.16282
2.9225
2.95415
2.63093
2.72672
2.77865
3.11568
2.9705
3.01345
2.76311
2.78787
2.24345
3.10265
2.86798
2.80661
3.07074
2.95198
2.64065
2.93605
2.97936
2.96033
2.75877
2.80943
2.61384
3.18388
2.93974
3.17494
2.98554
2.73132
2.94861
2.72371
2.86263
2.78124
2.54206
2.59181
2.92046
2.74809
2.47124
2.92575
2.61509
2.25142
2.87967
3.1763
2.91156
2.90348
2.86205
2.54042
3.07792
3.19483
3.20891
2.98571
2.8048
2.99901
2.82304
2.74379
2.66069
2.64939
2.88182
2.7301
2.55639
2.87198
2.68671
2.51704
2.58866
2.79424
2.62999
2.79631
2.7702
3.03907
2.72987
2.86357
3.24318
2.84783
2.76375
2.73017
2.93701
2.8734
2.96558
2.65734
3.25279
2.69301
3.12563
2.63036
3.03778
2.75469
2.74565
2.74055
2.99254
3.16057
2.95904
2.84602
2.96841
3.19186
3.11468
2.53423
2.61432
2.85471
2.84954
2.99179
2.58841
2.87533
3.31176
2.9419
2.9165
2.86736
2.37547
2.93959
3.33715
2.68703
2.88626
3.07544
2.42546
3.20049
2.76132
2.7824
2.87733
3.16061
3.42082
3.03722
2.90854
2.77861
2.92797
3.21456
2.80196
2.49056
3.03349
2.87286
3.12768
2.95137
3.08233
2.94732
2.69486
3.18753
2.80969
3.16834
3.00137
2.82728
3.07806
3.21221
3.12258
2.86748
2.88028
2.92463
2.61969
3.13235
2.80402
3.26564
2.81497
3.05567
2.88162
3.00888
3.04128
2.80858
3.14382
2.68061
3.05203
2.82296
3.11409
2.87429
2.92021
3.06804
3.28036
3.48053
2.83278
2.61642
2.96357
2.71173
2.55047
3.16512
2.83081
2.609
2.85147
2.85156
3.27632
2.79762
2.96652
3.04976
2.83375
3.12649
3.1236
2.68593
2.854
2.61082
2.96557
2.56139
3.16815
2.92455
2.72372
3.15434
2.87185
2.61899
2.64429
3.20259
3.55669
2.75225
2.63614
2.87937
3.04715
3.26027
3.07887
2.91629
2.61027
2.89195
3.29849
2.85283
2.79821
2.97111
3.18304
2.81544
2.49826
2.73215
2.69778
3.0646
2.95648
3.02128
2.81422
2.90556
2.43013
2.83654
3.11245
2.77865
2.54533
3.14201
2.8173
2.88073
3.24657
2.75217
3.17748
2.98105
2.56241
3.06651
3.02852
2.49988
2.81306
3.16067
3.11613
2.82431
2.98096
2.7754
2.94244
2.70827
3.06094
3.10815
2.73049
3.0902
2.9129
2.99381
2.79066
2.8362
2.92996
2.85543
2.50924
2.87742
2.62585
3.20994
2.83867
2.84588
2.35442
2.5361
3.42766
2.83176
2.96951
2.95739
2.79523
3.24044
2.8433
3.10693
2.75082
3.18015
2.72067
2.92019
2.92164
3.25328
2.2702
2.83198
2.96497
3.09292
2.88568
2.78673
3.05646
2.81982
2.84156
2.9229
2.88772
2.70295
3.01025
2.75464
2.98109
2.80537
2.56268
3.27986
2.66584
2.92763
3.03239
2.84876
2.86162
3.43757
3.00309
3.28717
3.32064
3.29662
2.90171
2.78527
3.20017
3.09133
3.24845
2.91237
2.90913
2.97678
2.94015
2.72237
3.14628
3.21323
3.1041
2.82814
3.22821
2.5779
3.06366
2.9722
2.7105
3.31201
2.77371
3.14974
3.20151
3.00967
3.31713
3.0458
3.07775
2.51576
3.10864
2.8083
3.00675
2.91671
2.93214
2.61013
2.7459
2.69175
2.67247
2.70531
2.80676
2.94113
2.96326
2.89513
3.16946
2.87186
3.362
2.91004
2.68004
2.83944
2.70671
2.83962
2.5536
3.1348
2.71096
2.63228
3.15447
2.63437
2.96322
2.9733
3.03208
3.18954
2.96954
3.0673
2.87597
3.02922
3.14291
3.32525
2.49769
2.59685
3.04876
3.01119
2.87281
3.09868
3.29445
3.07493
2.98284
2.46569
2.97432
3.10381
3.10538
3.21385
3.01339
3.08775
2.77559
3.24031
2.99791
3.09821
3.10397
3.38667
3.04962
2.91002
2.73925
3.28996
3.03826
2.94343
3.29727
2.9207
3.17788
3.40387
3.12831
3.00422
3.1312
3.15933
2.93715
3.1667
3.15943
3.45253
3.00106
3.26291
3.08246
3.17586
3.08845
2.90438
3.25524
3.13727
2.92906
2.89292
2.74757
3.1998
3.16729
2.63263
3.21033
3.33796
3.00431
2.96614
3.07015
3.08253
2.90296
3.03178
3.14798
3.24338
3.51046
3.45559
3.00476
3.14861
2.65602
2.83549
3.14556
2.99578
3.29054
2.64753
3.33115
2.88446
3.44446
2.66281
3.17983
2.64744
3.39167
3.14184
3.04147
2.98821
3.01166
3.10516
3.15847
3.19588
3.37506
2.89404
2.96452
2.94733
2.91549
3.19043
2.79602
3.12971
2.56485
2.91151
3.20042
2.65189
3.0128
2.80595
2.83751
2.91617
3.07095
2.54102
3.30573
2.94914
2.93704
3.19395
3.29684
2.58317
3.24682
3.1389
2.94741
3.09854
2.51601
2.78183
3.00074
3.00988
3.02994
2.81092
3.10367
2.6143
2.91236
2.9967
3.11165
2.57702
2.70509
2.73814
3.3471
2.89352
3.37283
3.00299
2.8311
3.03669
2.49826
2.77695
2.93044
3.14587
2.98239
3.01921
2.78545
2.65162
2.91483
2.79319
2.62634
2.77638
2.92938
2.77459
2.65352
2.93774
2.93691
2.64942
3.04133
3.10112
3.08043
2.67936
2.64769
3.33512
2.79131
2.59434
3.14626
3.09313
2.94251
2.77614
2.84536
2.72223
2.8549
2.56657
2.90636
2.88617
2.77591
2.62925
2.952
3.20637
2.81343
2.68457
2.53233
3.10863
2.89353
2.82343
2.79437
2.71869
2.65183
2.84337
2.85243
2.59921
2.6781
2.38849
3.16847
2.71096
2.99263
2.87908
2.82562
2.85685
2.76153
3.01339
2.90731
2.81137
2.80127
2.66347
2.52639
2.93987
2.86149
2.5847
3.09843
2.73364
2.67102
3.07124
3.16508
2.6338
2.71358
2.87845
2.92338
2.81517
2.51509
2.73437
2.77313
2.82754
3.11346
2.79571
3.16015
2.65469
2.99483
2.77479
2.94339
2.40088
2.72471
3.03104
3.06825
3.03453
2.60312
2.76847
2.79867
2.6612
2.83461
2.68571
2.91723
2.82289
2.80716
2.69521
2.96258
3.12071
2.78197
2.77388
2.98051
2.78483
2.71728
3.09217
2.78782
2.92684
2.28971
2.95058
2.81869
3.18271
2.98818
3.09252
2.44943
2.74012
2.53639
2.72525
2.79493
3.18557
2.90763
3.08262
2.64433
2.74368
2.72584
2.58799
2.92427
2.89293
2.50918
2.81605
3.03481
2.447
2.7663
2.40048
2.92979
3.40638
2.9101
2.99304
3.10395
3.27469
2.67277
2.86303
3.24919
2.99883
2.56228
2.87303
2.79799
2.68543
2.72608
2.73474
2.69259
2.69066
2.88759
2.78424
2.88493
2.79224
2.72167
3.19384
2.99235
2.69726
2.7307
2.95818
2.92462
2.82333
2.87946
2.48002
2.9455
2.49531
2.81458
2.50502
3.03608
2.77139
2.75842
2.80003
2.39502
2.9341
2.52591
3.03249
2.51167
2.56895
2.77457
2.76876
2.99321
2.92962
2.88952
2.83122
2.68998
2.45227
2.92302
2.91022
2.71407
2.83304
3.03828
2.77131
2.83601
2.63104
2.73191
3.018
3.0689
2.80709
2.64011
2.79531
2.49849
2.88573
2.5528
3.09951
3.02555
2.77851
2.63721
2.85966
2.59929
2.78631
2.3881
2.87101
2.81517
3.04925
2.76586
2.62941
2.58445
2.78356
2.80217
2.85938
2.67082
3.10547
3.05764
2.50059
2.506
3.16362
3.13946
2.60993
2.88396
2.79096
2.88267
2.73272
2.53012
2.77333
2.78063
2.65191
3.06616
2.6476
2.49538
2.86159
2.42209
2.6238
2.57848
2.80073
2.77075
2.69893
3.0128
2.47603
2.82435
2.62148
2.55373
2.99798
3.20205
2.59552
3.2433
3.07998
2.89221
2.93953
2.97839
3.21398
2.90946
3.04093
2.94245
2.93491
3.06904
3.02631
2.70419
2.5474
3.01873
2.47907
3.05599
3.34349
3.00124
2.73811
2.61084
2.55468
3.25807
2.56601
3.0549
2.60278
3.19569
2.80872
3.19169
2.89242
3.08062
2.86243
3.34168
2.54565
2.99214
2.43598
2.72177
3.1564
2.40278
2.51687
2.60363
2.8884
2.76297
3.00658
2.90392
3.19631
2.99182
3.41419
3.43477
2.86377
3.21965
3.51143
3.22414
3.15298
2.85006
3.52723
3.36439
2.8602
3.38686
2.82276
3.00945
3.06844
2.63509
3.07776
3.23991
3.20955
3.29154
3.07964
2.50852
3.17651
3.20392
2.84961
2.86303
3.18552
3.10895
2.52345
3.39524
2.89684
2.93225
2.77675
2.69547
3.12961
3.25815
2.8459
3.32274
3.22168
3.12206
3.20561
3.04056
3.35489
2.82511
3.10583
3.22677
2.84084
3.20638
3.06936
3.31829
3.10017
3.09673
2.96034
3.47774
3.3732
3.42762
2.97555
3.28224
3.22182
2.97845
3.28576
3.21214
3.0363
3.41643
3.06906
3.14547
3.03209
3.27479
2.97102
3.01484
3.05545
2.73392
2.93214
3.07873
3.08476
2.73163
3.40549
2.66803
3.02022
2.88779
2.83231
2.51591
2.8172
2.96819
3.13562
2.66738
3.14297
2.97425
3.388
3.00433
2.78712
3.07948
2.80351
2.88875
2.69123
2.75803
2.86098
2.64584
3.2149
2.60742
2.75449
3.13521
3.07658
2.9014
2.87474
2.81105
2.99143
2.84477
2.87777
2.73722
2.55243
3.2537
2.46229
3.07145
2.91201
2.79131
2.66455
2.88162
2.92298
2.78921
2.73559
2.83856
2.44383
2.58254
2.8202
3.28479
2.90704
2.37288
2.58981
2.79976
2.7857
3.08618
2.74479
2.92682
2.91949
2.92608
2.8419
2.92052
3.15447
2.43204
2.62154
2.86912
2.91611
3.05758
2.78408
2.79385
2.91302
2.88282
2.75724
2.48496
2.63106
2.58193
2.80384
2.65597
3.02338
2.41713
2.68918
2.84706
3.09232
2.7588
2.64518
2.93415
2.69528
3.16552
2.53332
2.98199
3.1415
2.83994
2.99897
2.87175
2.98873
3.07589
3.05254
2.88786
2.89551
2.79573
2.98872
2.99475
2.64467
3.06016
2.75198
2.58832
2.73148
3.19195
2.85782
3.15717
3.10716
2.99667
2.96303
2.70098
2.5208
3.218
3.08357
3.00635
2.85611
3.19899
2.67873
2.83906
3.00376
2.90393
2.91425
2.83101
2.68798
3.13583
2.98131
2.94316
2.94471
2.90217
2.63588
2.8842
2.50104
2.79293
2.81271
3.0337
2.76576
2.99402
3.17759
2.59964
3.01855
3.19721
3.10762
2.92712
2.77703
2.75001
3.24552
2.39042
2.77311
2.62615
2.99963
2.89999
2.84984
2.72681
2.96018
2.37296
2.8917
3.3514
2.58688
3.08424
2.8386
2.84676
2.85752
3.07033
2.86499
2.75064
3.17797
3.06969
2.86456
3.22904
2.77794
2.9382
2.96187
3.11069
2.75789
2.86405
2.92135
2.45897
2.75098
2.86127
2.61515
2.78239
3.09668
2.66816
2.75506
2.60762
3.07245
2.63003
2.78116
2.42472
2.91113
2.75819
2.59395
3.14777
2.69288
2.33619
2.82768
3.22674
3.30101
3.01014
2.9262
2.6852
2.78148
2.44106
2.90379
2.99914
2.92962
2.85812
2.5757
2.6091
2.5967
2.5125
3.20057
2.735
2.42762
2.52023
2.94631
3.01684
3.09569
3.11417
2.78987
2.62297
2.57456
2.78577
2.4082
3.08879
2.91476
2.73192
2.69216
3.34446
3.06125
2.97063
2.95573
2.80174
2.65428
2.86218
2.66286
2.6678
3.03079
2.78915
2.69397
2.4631
2.96299
3.05143
2.88687
2.73534
3.09578
2.83788
2.86395
2.80125
2.92507
3.21655
2.9331
2.96435
2.81819
2.73395
2.76424
2.67971
2.72368
2.74336
2.59979
2.74617
2.59628
2.67683
2.80581
2.84532
3.03365
2.4856
2.75717
2.85763
2.97581
2.65523
2.74589
3.09874
2.48203
3.01306
2.95866
2.44845
3.13123
2.52125
2.72813
2.7905
2.87369
2.79039
2.64593
3.07219
2.54725
3.20138
2.54138
2.95352
2.50702
2.36729
2.87819
2.73952
2.64951
2.84938
3.113
2.45238
2.64136
3.21986
2.45607
2.72202
2.95268
2.6237
2.85202
3.03102
3.09931
2.64618
2.58048
2.71368
2.74521
2.72692
3.0772
2.93007
2.63152
3.11317
2.53849
2.40829
2.49415
2.74572
2.68508
2.67198
2.765
2.58949
2.52525
2.56529
2.8714
2.82265
3.18512
2.81314
2.59926
2.85982
3.22601
2.47487
2.41273
2.97756
3.05251
3.02349
2.59487
3.08912
2.69294
2.73168
3.12272
2.59884
2.98766
3.15421
3.16958
2.80367
3.06617
2.86939
3.10011
2.49861
2.86386
2.92265
2.80075
3.10833
2.56681
3.23275
3.22304
2.62642
2.77959
2.84183
3.02019
2.61133
2.84021
3.00719
2.6986
2.78995
2.64338
3.33963
3.11398
2.80846
2.53318
2.94597
2.91022
2.78043
2.80245
2.68846
2.98123
3.01172
2.67716
2.96556
3.15968
2.70014
2.92786
2.991
2.70259
2.91167
3.182
2.45509
3.09828
2.66563
2.67215
2.90798
2.88848
2.84732
3.15005
2.78545
3.2078
2.92805
2.7224
2.49224
2.82748
2.68736
3.01397
3.05955
2.92424
2.8312
2.89937
2.88773
3.13784
2.8982
2.63217
2.98591
2.96899
2.7523
2.80069
2.88484
2.69198
2.64809
2.56531
2.60242
2.73927
2.60929
2.86963
2.98993
2.90778
3.03428
3.05672
2.81018
2.93727
3.06041
2.76083
2.89295
2.72261
3.13172
2.91909
2.75755
2.41398
3.02218
2.37807
2.94664
2.79399
3.42471
2.79886
2.5099
3.03096
2.92558
2.55617
2.71764
2.85026
2.68889
3.24688
3.02681
2.63196
3.07085
2.85689
2.21955
2.76258
2.83335
2.72813
2.75885
2.91597
2.75157
3.24509
2.74226
2.77099
2.69341
3.29749
2.5557
3.03201
2.68137
2.82823
2.20302
3.24533
2.7774
3.30769
2.91766
2.71388
2.69201
2.80905
2.41827
2.81878
2.85795
3.25828
3.14972
2.88568
3.0196
2.63635
3.00421
3.04221
2.93765
3.09093
2.34751
2.89078
3.10652
2.8474
2.91763
2.77768
2.91453
2.96356
2.9695
3.06936
2.97247
2.49576
2.67366
2.76221
2.91111
2.50429
3.0822
3.0357
2.74148
2.77452
2.94948
3.17319
2.24546
3.09669
2.97361
3.07513
2.76094
2.51769
3.09095
2.89719
2.84853
3.13442
2.99465
2.82441
2.39975
2.63059
2.77696
2.95259
3.0196
2.94087
3.05027
2.4249
2.54654
3.37931
3.36659
2.54099
2.76441
2.69496
2.91973
2.70252
2.8547
2.64656
2.80123
2.70193
2.93944
2.89004
2.76793
3.01985
3.15932
2.94336
3.1975
2.5433
2.47287
2.8824
2.32225
2.83586
2.7508
3.30275
3.18238
2.95535
2.88127
3.00945
3.10431
2.98883
3.02676
3.03013
2.77186
2.77589
3.35289
2.68313
2.84652
2.96537
2.89971
2.74746
2.47004
3.56887
3.37959
3.10368
3.02617
2.82861
3.01191
3.2711
2.93003
3.26143
2.93593
3.33974
3.11369
3.11445
2.83363
2.89263
3.11127
2.7249
3.27593
3.19053
3.19441
2.77466
3.26955
3.46526
2.8264
2.90215
2.80021
3.28506
3.37482
3.14647
3.26638
2.62552
2.79544
2.80208
2.80371
3.2561
3.09953
2.67157
3.3719
2.98164
3.40739
2.67797
3.27553
2.78714
2.87471
2.96088
3.5576
3.33171
2.98705
3.09425
3.13158
2.60087
3.1136
2.73013
2.59763
2.88062
2.82666
3.1734
3.06845
2.5838
3.22471
3.28918
2.8489
3.113
3.26197
2.8141
3.1055
2.88575
3.2488
2.53361
3.25616
2.83994
3.01951
3.24986
3.18883
2.91368
2.92356
2.99952
3.01595
3.1227
2.84741
2.98697
3.21309
2.49951
2.9815
2.89101
3.16073
3.07058
3.0129
3.01816
2.99391
2.80109
2.96267
3.19804
3.31871
3.0198
2.67258
2.61541
3.26242
2.5611
2.84475
2.69794
2.89893
2.84778
3.07176
2.7506
3.39236
3.14683
3.17686
3.03762
2.81999
3.01465
2.86788
2.86387
3.00719
2.92422
2.74516
2.63769
2.78464
3.25135
3.14199
2.67413
2.94399
2.58195
2.66253
2.95084
2.97217
2.77899
2.74875
3.10166
2.91199
3.01624
3.00515
2.88983
2.91078
2.84252
2.45602
2.96331
2.45113
2.91556
2.91006
2.69098
3.06778
2.65073
2.97654
2.76445
2.79891
3.19575
2.77816
2.87508
2.77706
2.94289
3.0827
3.35611
2.56871
2.91486
3.16417
2.66085
3.09108
2.79408
2.78464
3.26003
2.78147
2.59149
2.96777
2.61797
3.15191
3.01844
3.03477
2.81691
2.75058
2.75716
3.21328
3.00106
2.93672
2.65598
3.03359
3.0455
2.39931
2.83461
3.14122
2.90529
2.97683
2.99628
2.97606
3.05788
2.67028
2.79205
2.92125
3.05799
2.88517
3.13471
2.61257
2.88762
2.99501
2.79147
2.89621
3.00103
2.79513
3.16887
3.19661
3.05277
3.27715
3.25388
2.77616
3.03285
2.77852
2.82827
2.77111
3.14964
2.61767
2.4409
3.32463
3.36301
2.689
2.82672
2.95098
2.97259
3.22653
2.23594
2.66356
2.85943
2.82561
3.22731
2.71154
3.07719
2.93967
2.51327
2.88768
2.68244
2.72972
3.11757
2.54277
3.13957
2.84958
2.92659
2.65706
2.39948
2.72464
2.65482
2.99756
2.76018
2.71489
2.92998
2.77885
2.60776
2.50985
2.84794
2.56977
2.58846
3.1626
2.86388
2.89773
2.61387
3.11014
2.63233
2.97278
3.18553
3.13
2.82449
3.14899
2.70743
3.16549
2.48909
3.34639
2.46702
3.2013
2.5909
2.83101
2.86999
2.86257
2.54717
2.97343
3.32829
3.40365
3.4528
2.86005
2.93424
2.80078
2.53672
3.32517
2.98413
3.16491
3.07642
3.15873
2.81426
3.24512
2.66156
2.87515
2.86491
2.61894
3.10288
3.12494
2.87333
2.75484
2.91133
3.24042
3.28647
3.05969
2.56428
3.14736
2.84537
3.04801
3.08094
2.92596
2.95949
3.01195
2.52684
2.77882
2.64616
3.22852
2.90013
3.44463
3.14716
2.8768
3.05955
2.86519
2.84564
2.54714
2.85298
3.03589
3.03076
3.3049
3.1088
3.32408
2.89
2.63816
2.64606
2.85107
3.28779
2.89322
2.735
2.91861
2.83516
3.2039
2.8117
3.29587
2.76977
3.0659
3.02452
2.84301
3.2623
3.1462
3.15993
2.75259
3.17518
3.08441
3.11656
3.07124
2.97892
2.67471
2.89621
2.91397
3.08519
2.7319
2.89617
2.81999
2.46363
2.56723
2.57768
2.52851
2.62201
2.60078
2.99993
2.60342
2.84081
3.01185
2.90495
2.82706
2.85398
2.72555
3.11025
3.23264
2.58431
2.9193
2.73004
2.95124
2.99931
2.95873
2.54575
2.94997
2.72568
2.71716
3.16048
2.62637
2.94681
2.49337
2.67505
2.86492
2.91594
3.01128
2.81043
2.85401
2.85275
2.76404
2.67166
2.69083
2.40131
2.58928
2.53379
3.05279
2.6843
2.72581
2.97238
2.78494
2.71637
2.74182
3.13161
2.74385
2.95556
3.04389
2.75627
2.68065
3.16477
2.78635
3.0255
2.77028
3.05816
2.77651
2.55338
2.81085
2.85178
2.50407
2.74079
2.96188
3.08941
2.66732
3.06788
3.06755
2.61911
3.06673
2.70203
2.61548
3.02271
3.00861
2.92335
2.99708
2.71079
2.85565
2.97881
2.50005
3.00278
2.777
2.72524
2.9557
2.77069
3.11313
3.11256
2.67846
2.54781
2.9623
2.88806
2.74705
3.11859
2.88322
3.13376
3.0008
2.83785
2.94251
2.88235
3.06101
2.84842
2.64399
3.20874
3.26345
2.90673
2.86334
3.09088
2.75182
2.97979
2.65497
3.19838
2.61394
3.1805
2.78942
2.72205
2.73873
3.0789
2.87933
2.89503
2.57215
2.9264
2.9648
2.67884
2.6911
3.42027
2.95212
3.41874
2.91582
2.66384
2.64592
2.72134
2.81897
2.87652
3.1027
3.29482
2.46691
2.96448
2.73108
2.83115
3.08047
2.8957
2.8446
2.76287
3.17392
3.01358
2.9064
3.31154
2.94062
2.64507
3.16249
3.04665
2.96776
3.35108
2.55938
3.16318
3.15161
3.26111
2.67802
2.87348
2.80787
2.97132
3.17875
2.88083
2.90967
2.63336
2.81845
2.83636
2.58141
3.24936
2.84836
2.56454
3.13928
2.72701
2.71986
2.89414
3.01004
3.10579
3.26994
3.25582
2.97129
2.89289
3.14545
2.97814
3.16455
2.80642
3.32758
3.03082
2.97071
3.32532
2.98782
2.81885
3.36678
3.03157
2.91994
3.38514
3.51445
3.27296
3.08232
3.18816
3.29515
2.81746
2.77499
2.93939
2.94536
3.04501
2.73011
3.02959
2.8561
2.64599
3.29297
3.26729
2.71002
2.9481
3.3035
2.86886
2.78708
2.98583
3.38668
2.73329
2.73242
3.30312
2.75788
3.40008
3.20117
3.04343
3.0482
2.94961
2.84013
2.71503
2.63316
3.17956
3.40014
2.37851
3.16668
3.049
2.9538
2.94925
2.63716
2.73233
2.99054
3.23096
3.01704
3.00146
3.19901
3.2603
2.46426
2.59583
3.06697
2.80161
3.15158
3.25584
3.12818
3.03128
3.14152
2.85981
2.86207
2.8796
3.01678
2.6645
2.87522
2.73971
2.79046
2.86803
2.92518
2.72539
2.60848
2.79256
3.11271
2.81531
2.88925
3.25085
2.83064
2.75523
2.9272
2.63256
2.78703
2.64438
2.95212
3.02351
2.29826
3.00001
2.74756
3.00735
2.65726
2.34716
2.92024
2.6777
2.96393
3.13611
2.82145
2.72219
2.64437
2.81513
2.81748
2.5575
3.13542
3.24405
3.22558
3.05522
2.83924
2.78149
3.0063
2.99848
2.91443
2.78294
3.16923
2.9899
3.02502
3.2719
3.06985
2.79876
2.73958
2.98738
3.2228
2.93978
2.67752
3.13776
2.68891
3.19205
2.75291
2.83036
2.74865
2.83924
3.09145
3.03602
2.8749
2.95171
2.89155
3.04199
2.28854
2.89201
2.79255
2.71914
2.91411
2.54159
2.74049
2.4577
2.64072
2.93353
2.51746
3.13224
2.62003
2.65527
2.43124
2.99863
2.89588
3.05641
2.70817
2.62722
2.6992
2.9172
2.75708
3.06736
2.87532
2.03822
2.66626
2.86204
3.10355
2.39864
2.74976
2.6747
2.66514
2.73676
2.86233
2.73383
2.44696
2.63589
3.25325
2.56578
2.67481
2.38414
2.59504
2.62059
2.64869
2.77297
2.58791
2.83226
2.77544
2.86018
2.98104
3.09609
2.8096
3.02065
2.549
2.7305
2.63734
2.94841
2.73802
2.84468
2.38505
2.72428
2.69229
2.95498
2.73039
3.12524
2.86748
3.06485
2.72
2.45626
2.57104
2.94407
2.84664
2.81836
3.04504
2.70744
2.68596
2.59216
2.78675
2.82223
2.74599
3.11385
2.73071
3.18071
2.85688
2.7971
2.89621
2.94839
2.49557
2.36488
2.84658
3.10155
2.73927
2.63879
2.4353
2.48023
2.86098
2.87874
3.26698
2.67635
2.8184
2.66046
2.89175
2.97654
2.76132
2.86596
3.20187
2.9261
2.67346
3.0003
3.00437
2.53453
2.47796
2.42795
2.95029
3.06157
2.70928
2.97527
3.30546
2.72164
3.1013
2.84169
3.33555
2.78668
3.28492
2.9076
2.84498
2.73988
3.21281
2.64145
2.42163
2.75445
3.15629
2.48162
2.68962
2.90832
2.63395
2.70328
2.66789
2.77402
2.3978
2.69904
3.0589
2.63788
2.67561
2.40623
3.07169
2.64871
3.12121
2.70996
3.06784
3.2739
2.85186
2.97442
2.75076
2.97505
2.69508
2.5836
2.85399
2.69534
2.65524
3.0002
3.0959
2.97592
3.00843
2.65087
2.97038
2.72878
2.65375
2.73092
2.6629
2.58275
2.82803
3.06117
2.89061
2.93016
2.50099
2.9273
2.87846
2.67128
2.80666
2.80077
2.89406
2.99048
2.66086
2.61667
2.77364
2.87819
3.02826
3.06147
2.75373
2.647
3.0156
2.91967
3.00854
3.17632
3.0912
2.748
3.10666
2.50694
3.02145
2.35855
2.68313
2.73438
2.73573
2.60229
2.56364
2.93305
2.81818
2.97017
2.74241
3.17058
2.55216
2.94603
2.69967
2.95683
3.42931
2.43206
2.96043
2.96694
2.89323
2.47928
2.79317
2.91276
2.83352
3.1039
2.95766
2.92563
2.42796
3.01806
3.02048
2.64836
2.81525
2.59843
2.96423
2.78165
2.94582
3.0991
2.55929
2.79631
2.46352
2.97059
3.20378
2.86695
2.94127
2.85665
3.13048
3.2211
3.09939
2.84751
2.85461
2.68898
2.93317
3.16072
2.75314
3.18371
3.04999
2.98979
2.70301
3.09325
2.66166
2.69061
2.72077
2.89534
2.37298
2.89098
3.06584
3.16035
2.46197
2.48895
3.02932
2.5915
2.94341
2.91369
2.63664
3.04428
3.05967
2.72822
2.82216
3.11944
2.94071
2.88616
2.51445
2.46703
2.60785
2.94373
2.94328
3.1091
3.11109
2.90475
2.61825
3.10434
2.7202
2.55211
2.8502
3.0521
2.68064
2.86172
2.95348
3.05722
2.88806
2.60239
2.64527
2.86125
2.80462
2.76706
2.71511
3.06175
2.67909
2.83391
2.85786
3.15844
3.03229
2.84306
3.10633
3.10344
3.12322
3.17695
2.75855
2.76979
2.85776
2.97505
2.80228
2.75734
2.86425
2.39643
2.61576
2.77059
2.8981
2.59647
2.83691
2.94967
2.89672
2.60593
2.71183
2.76966
2.75464
2.66904
2.40045
2.66825
2.6312
2.72144
2.94201
2.46838
2.60119
2.75307
2.45966
2.42025
2.64432
2.86386
2.86752
2.50719
2.99977
2.90796
2.76459
2.73686
2.25445
2.49801
2.89667
2.8157
2.9047
2.43112
2.75275
2.52627
2.81176
2.98211
2.86029
2.95875
3.03117
2.69959
3.08108
2.52569
3.06819
2.16676
3.06351
2.34041
2.45943
2.53393
2.69962
2.39444
3.01548
2.76034
2.88839
2.7938
2.13901
2.54643
2.47145
2.67759
3.02177
2.84395
2.98206
2.91528
2.69854
2.87337
2.98085
2.7908
2.46918
2.9386
2.84706
3.09884
3.03845
2.90428
2.82207
3.03887
2.552
2.41324
2.6244
3.02475
2.99829
2.95817
2.56655
2.61641
2.80679
2.86147
2.71079
3.14766
2.6733
2.93014
2.81215
3.10944
3.06462
2.64597
3.2054
2.66368
2.92744
2.98893
3.2691
2.8427
2.687
2.93426
3.01339
2.48153
3.34422
2.84102
3.17776
3.04638
2.97048
2.92138
3.02606
3.01145
3.0894
2.96639
3.159
2.93247
2.81002
3.18216
3.09085
2.63656
2.77184
2.96383
2.92862
3.00379
2.75181
2.70841
2.7779
3.14445
3.12924
3.09244
2.96291
2.84919
2.33941
2.99774
2.62759
2.43608
2.69509
2.85112
2.8454
3.30248
3.08021
2.80672
2.7486
3.0719
2.85883
2.57069
2.57299
2.79634
2.55344
3.17192
2.86224
3.22462
2.69541
2.55061
2.72232
3.21838
3.34438
2.83442
2.79797
3.04698
2.84614
3.34045
2.77713
3.12987
2.76318
2.93877
2.66211
2.97917
2.98062
3.26602
2.92325
3.33752
2.94318
3.33359
2.93227
2.69855
2.95986
2.81193
2.66001
2.87537
3.22676
3.12281
2.80197
3.38346
2.753
3.1236
3.00922
2.86884
3.06303
2.86914
3.47476
2.7814
2.65575
2.79824
2.54644
2.51904
3.10377
2.72385
2.64471
2.91804
2.81991
2.95527
2.5983
2.57925
2.99739
2.7345
3.20426
3.15628
3.04504
2.92489
2.7525
2.89972
2.77614
2.3835
2.55084
2.61465
2.42024
3.17079
2.82579
2.73394
2.45
2.94168
2.43812
2.70592
3.05904
3.21937
2.76223
2.89014
2.67832
2.87322
3.07482
2.87397
2.83595
2.76011
2.41757
2.78742
2.65041
3.3319
3.07499
2.86655
2.80636
2.72137
2.69272
2.56316
3.19136
3.29154
2.9415
2.81607
2.83385
2.67443
3.06916
2.96006
2.69467
3.0921
3.3229
3.4146
2.82889
2.97827
2.82099
3.19067
2.58815
2.92836
2.79383
2.79334
2.96593
2.99003
3.07825
3.24231
3.07677
3.08809
3.15637
3.29103
2.94294
2.85475
3.00943
2.95068
3.16916
2.77123
2.93326
2.87035
3.17604
3.02755
2.93051
2.68713
3.2253
3.25314
2.97115
2.70772
2.74291
2.82801
3.13648
2.84511
2.67574
2.42568
2.62821
3.22159
3.03137
2.59261
3.08102
2.87796
2.51472
2.65845
3.05223
2.99461
3.16355
2.86056
2.35269
2.94886
2.7414
3.05128
2.96293
2.744
2.54609
2.78075
2.75565
2.66053
2.60309
3.08354
2.98607
2.7678
2.72866
3.04597
2.77175
2.90227
3.24309
2.53883
2.9556
2.79444
3.02021
2.77855
2.72487
2.8102
2.9696
3.04371
3.21567
3.02823
3.14102
3.17724
3.19599
2.8515
3.18069
2.77206
2.81645
2.90768
3.31372
2.90973
2.80788
3.38143
2.77271
2.70964
2.81342
2.99585
2.89844
2.92493
2.72493
3.06814
3.25846
2.76448
2.76615
2.71392
2.72755
2.67795
2.94763
2.66632
3.14743
2.72243
2.93649
3.25205
2.86725
2.98457
3.33893
3.17769
3.10443
2.26734
2.69688
3.10402
2.99666
3.14616
2.74734
3.279
2.92516
2.7677
3.28893
3.24604
2.80714
2.83748
2.89778
2.7746
2.63061
3.08067
2.717
2.27313
2.77822
3.24452
2.76017
2.63827
3.05281
3.22983
2.87535
3.22851
2.87715
2.60265
2.93352
2.96796
2.63698
2.86818
2.62926
3.1207
2.4563
3.21777
3.05065
2.95715
2.90422
2.62889
2.92172
2.9663
2.8469
3.36048
2.23627
3.39958
3.26273
2.92632
2.99582
2.91056
3.04913
2.70465
3.08053
2.86921
2.46108
3.13002
2.8698
2.78304
2.83577
2.97569
2.81275
2.93002
3.31375
2.99217
2.91402
3.14195
2.70223
3.04281
2.70167
3.24532
3.03961
3.15987
2.70395
2.92351
3.02936
3.11902
3.07682
3.1641
2.98451
3.12888
2.85646
2.27969
3.31568
2.60265
2.88345
2.67807
2.85143
2.5336
2.91635
3.20177
2.60218
3.22819
2.91207
2.51441
2.66097
2.59176
2.66036
2.44397
2.89934
2.88639
2.79188
2.98435
1.92026
2.83619
2.2912
2.97736
2.74476
2.67997
2.57731
2.15335
2.89324
2.93547
3.0255
2.37976
2.76192
2.93421
2.79219
2.54192
2.92502
2.61969
2.65351
2.77715
2.78693
2.66893
2.54643
2.33232
2.8799
2.9608
2.76042
2.6801
2.93748
3.13401
2.97076
2.85188
2.59205
2.60466
2.6085
2.74994
2.66636
2.88245
2.8418
3.13055
3.19176
2.78851
2.62995
3.04501
2.8971
2.79537
2.87805
2.97075
3.17914
3.16636
2.98849
2.81964
2.95872
3.41642
2.89978
2.79136
2.40745
3.09867
2.99458
3.01198
3.29682
2.92458
3.06282
3.12635
3.36076
3.62667
3.27142
3.02635
2.96711
2.80331
3.43247
2.66468
2.81396
2.58377
3.12799
2.9967
2.81615
2.99483
2.8582
2.79851
3.03852
2.67788
2.90674
3.02168
2.75319
2.96713
2.435
2.86323
3.15948
2.97975
3.17688
2.73379
2.84886
2.77425
2.93778
2.61805
2.83231
3.0293
2.64759
2.74549
3.03182
3.04386
2.80495
2.93255
2.79116
2.83608
3.08741
2.79372
2.42645
2.89912
2.9075
3.0887
2.76544
3.34813
2.85326
2.90844
3.23626
3.12194
2.74257
3.00053
2.59589
3.07203
2.91493
2.89859
2.69655
2.81491
2.60973
2.79483
2.85905
2.87861
2.81547
2.94448
2.83751
3.10735
2.87066
2.52968
3.01824
2.3916
2.57792
2.80853
2.98448
3.05684
3.18279
3.36958
2.7863
2.40874
2.77956
2.62458
2.93012
3.1595
3.11692
2.96184
2.47383
3.12554
3.02537
2.94852
3.14504
2.84299
2.74603
2.82901
3.29491
3.13617
2.84666
3.00313
2.8365
2.94978
2.87381
2.90235
2.77375
2.84693
2.68883
3.18298
2.75572
3.25595
2.68404
3.404
3.17472
2.85564
2.82373
2.92126
2.5014
2.86323
2.31455
3.28746
2.76963
2.76369
3.14109
2.83032
2.81921
2.8015
3.1256
2.504
2.88651
2.86615
2.78862
2.68386
3.03222
3.0099
3.05197
3.00925
3.12271
2.76173
2.85034
3.10136
2.91895
3.14523
3.19694
2.89635
2.9876
3.06437
3.23331
2.47526
2.64722
2.71163
3.08988
3.18083
3.18591
3.02657
3.36838
2.74712
3.08838
2.91771
3.43581
2.917
3.52079
3.02249
2.52788
2.92178
3.05589
2.82854
3.23795
3.17664
3.05955
2.70451
2.71235
2.86733
2.73245
3.16435
2.75807
3.18831
3.08561
2.81501
2.85774
2.82433
2.68672
2.73781
2.73744
2.93326
2.86511
2.60258
2.46102
3.0524
2.50776
2.44179
2.66056
2.87667
2.83711
3.11128
2.56317
2.72154
2.91911
2.71718
2.74165
2.81762
2.75139
2.70188
2.89427
2.68745
2.83553
2.59596
2.71895
2.70388
2.62633
2.79925
2.76124
2.50416
2.53045
2.65446
3.05209
2.88007
3.19902
3.0512
2.72056
2.26799
2.89782
2.41074
2.64136
2.95212
2.98934
2.47699
2.81947
3.18039
3.08185
3.14701
2.86746
2.93624
2.78637
3.04046
3.28276
2.99809
2.95749
2.58215
2.75026
3.06277
2.95173
3.3166
2.76305
2.92446
2.89766
3.44519
3.66091
3.6564
3.02909
2.7719
2.82255
3.32115
2.93633
3.17555
2.74875
3.21811
3.05662
2.57943
3.03378
3.1682
3.23922
3.60195
2.97244
3.20484
2.6814
3.0239
3.18593
2.89348
3.15463
2.81689
2.88445
2.84342
2.89056
2.88185
2.73709
2.92362
2.80483
2.92709
2.7666
2.87383
2.90072
2.63321
2.78893
2.67467
2.90618
3.19994
2.76641
3.12888
2.8609
2.81312
2.80249
3.10876
3.3029
3.01526
2.6053
3.42412
3.06434
2.93258
2.71726
3.00775
2.68454
3.11441
2.87133
3.0732
2.94663
2.92315
2.85287
2.73924
3.16854
2.9059
2.98457
2.7737
3.05095
2.815
2.66156
2.82887
2.79734
2.62212
2.91972
2.78423
2.89108
3.19249
2.80342
2.94875
2.88922
3.01567
2.52977
2.8038
2.73194
2.84323
3.27153
2.86968
3.05711
2.77861
2.89425
2.466
2.9147
2.93186
2.77945
2.81131
2.91579
2.83603
2.8245
2.63874
3.15451
2.27355
2.85171
2.53699
2.628
2.83711
3.00124
2.82607
2.82609
2.91213
2.80886
2.96467
2.66598
2.69101
2.43031
2.68455
2.67448
2.80806
2.58905
2.86968
2.93128
2.50622
2.5607
2.54489
2.9459
2.83652
2.81547
2.70851
2.67833
2.45208
2.96237
2.86457
2.91236
2.83246
2.73897
2.35797
2.91481
2.79659
3.23742
2.2654
2.70876
2.6424
2.71568
2.98823
3.15468
2.63423
2.91781
2.69923
2.956
2.68393
3.06499
2.8055
2.8964
2.78118
3.51574
2.78824
2.78729
2.92844
2.59305
2.79587
2.57101
2.8978
2.72709
2.91983
3.02827
2.67658
2.67467
2.58737
2.60339
2.66624
3.02861
2.65546
2.86701
2.7295
2.75928
3.25947
2.19577
2.59817
2.85416
2.80578
3.03234
3.17306
2.9298
3.27028
2.38667
2.95227
2.64052
3.28207
2.59454
3.00281
3.11198
2.61769
2.89176
3.09459
3.02479
2.94554
3.13985
3.08339
2.96105
2.74648
2.57944
2.82229
2.68649
3.00587
3.22019
2.53834
3.10102
2.84271
2.27935
2.48426
2.96427
2.31211
2.76864
2.53187
2.70416
2.72401
2.9051
2.89535
3.13183
3.05055
2.55476
2.67952
2.52796
2.77016
2.65116
3.1347
2.91893
2.82035
2.57364
2.97814
2.47954
3.05259
2.8147
2.92119
2.36751
2.79542
2.5794
2.86567
2.72628
2.98328
2.99899
2.83273
2.47661
3.069
2.48893
2.77377
2.90133
3.23511
2.83564
2.61109
2.79685
3.01357
2.53811
2.9314
2.67288
2.64967
3.01969
2.72693
3.09647
2.42818
2.78429
2.75669
3.07222
3.14056
2.85019
2.7184
3.3812
2.76942
2.90274
2.68431
3.32664
2.91776
3.12704
2.4222
2.68281
3.23852
2.71905
2.58254
2.84482
3.02485
2.97872
3.01137
2.29428
2.66069
2.52901
3.07186
2.71256
2.91416
2.88887
2.52618
2.87268
3.12514
2.90304
3.02673
2.36693
2.9142
2.67409
2.76439
3.0258
2.74722
3.43966
2.81436
2.64496
2.7113
3.51116
2.67972
3.03829
2.75197
2.8675
2.89728
2.99371
2.55678
2.80571
2.64117
2.84207
2.77664
2.68975
2.38814
3.04473
3.36184
3.03098
2.89761
2.65919
2.54676
3.08317
2.9514
2.98895
2.93759
2.93291
2.71283
2.72055
3.05398
2.95519
2.62436
3.01406
3.01264
3.01376
2.71989
2.94722
3.261
2.89592
2.7754
3.08527
3.35883
2.55352
2.89363
3.28259
2.68505
3.11406
3.06349
2.73112
2.70694
3.20753
2.82394
2.81706
3.10696
2.79266
3.0994
3.29804
3.4185
2.66753
2.98517
3.039
3.08545
2.87144
3.25005
3.0372
2.67288
2.93606
2.6348
2.60298
2.73357
3.10474
2.94682
2.66305
2.64175
3.17714
2.53629
2.72734
2.87567
2.88433
2.83771
2.36533
2.83316
2.58209
2.96701
2.69927
3.18909
2.67629
3.31782
3.15356
2.89633
3.00245
3.12553
2.88866
2.9922
3.13433
3.18357
2.98121
3.0794
2.89762
2.85423
2.82733
2.90619
2.77004
2.71189
2.44971
2.59867
2.29402
2.72438
2.51041
3.18197
3.0317
2.48904
2.9129
2.77446
2.57753
2.53098
2.79298
2.68381
2.89397
2.98002
2.91489
2.73766
3.07587
2.87862
2.93359
2.94861
2.46758
2.54256
2.5717
2.56125
2.53012
2.53007
3.08012
2.48805
2.33764
2.72885
3.06332
2.54176
2.76531
2.83844
2.19934
2.9551
2.64486
2.98905
2.57667
2.47013
2.97626
3.14409
3.06066
2.74557
2.83247
2.9899
2.88529
2.42785
3.04064
2.70285
2.59054
2.58909
2.96421
2.61786
2.88652
2.99404
2.50279
2.83688
2.34965
2.91928
3.16666
3.24356
3.03585
2.81092
2.77645
2.46075
3.09917
2.98781
2.74972
2.75244
3.02692
2.87696
3.03377
2.87551
3.15568
3.07801
3.00785
3.07244
2.62954
2.75271
2.91223
2.70385
2.67785
3.16905
2.83566
3.02172
2.50995
2.84128
2.87668
3.22777
3.31508
2.94653
2.78849
3.0961
2.62647
2.95752
3.32541
3.43649
3.2555
2.97869
3.05838
2.94471
2.67546
3.12887
2.67575
2.6523
2.31943
2.82081
2.90255
2.85203
2.99108
2.93379
2.50763
2.9354
2.83902
2.65942
2.68778
3.02702
2.91361
2.88146
2.4333
2.94186
2.50719
3.04703
2.72535
2.60226
2.70543
2.86845
2.70291
2.489
2.95614
2.55038
2.70187
2.5494
2.61229
2.75991
2.72125
2.86565
2.39556
2.89844
2.9096
3.20791
2.79421
3.22182
2.51771
2.77692
2.75114
2.88609
3.11227
2.27713
2.85882
3.06548
3.21553
2.96145
2.52089
2.51143
2.88997
2.582
2.76814
2.57887
2.76102
2.52381
2.72029
2.65476
2.84675
2.94963
2.86396
2.51054
2.82904
2.65934
2.96513
2.76947
2.69112
2.63893
2.79497
2.67718
3.04115
2.64102
2.44415
2.99723
3.13318
2.50755
2.57864
2.9474
2.86231
2.41745
2.44852
2.24957
2.40871
2.61216
2.55826
2.5613
2.32934
2.59178
2.87965
2.73099
2.72301
2.72385
2.28777
2.44824
2.84382
2.84486
3.04194
2.9546
2.94069
2.98989
2.85195
3.07324
2.80117
2.81082
3.20209
3.33798
2.80415
2.80282
2.94579
2.86749
2.90023
3.33872
2.79111
2.96753
2.53955
2.49799
2.60358
3.22141
2.66897
2.80277
2.99759
2.93098
2.99151
2.57787
2.91807
2.93861
2.86195
2.63195
2.90948
3.12243
2.81203
3.27829
2.66547
2.90657
2.89111
3.34998
2.99874
2.72126
2.70214
2.92759
2.64154
2.88203
3.09425
3.20298
3.21777
2.78624
2.65003
2.89261
2.67942
2.75609
3.01636
3.13294
2.49769
3.02257
2.57675
3.14125
3.0628
2.6641
2.94032
2.8915
2.85413
2.78311
3.11317
3.44251
3.08223
2.90944
3.25009
2.92972
2.74012
2.9613
3.12704
2.78431
2.94127
2.7293
2.93656
3.12167
2.974
2.72946
3.06979
3.44436
3.00795
3.27702
2.96936
2.69566
2.79133
3.06528
2.75121
3.14008
3.18918
2.61062
2.69231
2.74182
2.97421
2.89258
2.6816
3.01759
2.95462
2.85775
2.77864
2.8844
2.8328
2.99616
3.05117
2.46936
3.13322
2.36265
2.87003
3.16732
3.25235
2.96131
2.99757
3.13638
3.10548
2.30438
3.01601
2.95138
2.78024
2.87055
3.31891
3.0197
3.14947
2.91734
2.67999
3.06377
2.68627
3.49462
2.81756
2.9729
2.93596
2.98812
2.817
3.15281
2.80789
2.89771
2.81192
3.18384
2.77742
2.39051
2.84087
2.83009
2.63499
2.94063
2.74547
2.96201
3.09085
2.77603
2.72497
3.55139
2.63873
3.19095
2.9356
2.99825
2.92764
3.18285
3.06973
2.77574
3.09873
3.14658
3.17629
3.18065
3.133
3.05025
2.93574
2.7762
2.54965
2.66136
2.89653
2.68963
2.47481
3.08425
2.81497
2.70211
2.73782
2.51235
3.05454
2.47656
2.69436
2.57882
2.89844
2.47478
2.84115
2.65182
2.89855
2.37434
2.86839
2.96939
3.0241
2.66475
2.54321
2.70831
2.45456
2.55792
2.45202
2.5712
3.05479
2.48395
2.66055
2.95726
2.68184
2.65773
3.03442
2.71343
2.67971
2.87372
2.91054
2.5947
2.7987
2.71484
2.86417
2.82567
2.97336
2.80618
2.45193
2.5434
3.06742
2.68681
3.05776
3.26112
2.59476
3.22969
3.10568
2.2664
3.01006
3.17434
3.20494
3.13504
2.95424
2.9966
2.89105
2.77482
2.90445
3.1832
3.27392
3.30357
3.04395
3.01365
2.59048
3.32314
2.92574
3.02604
3.01342
3.34715
2.99396
3.26461
2.6695
2.99132
3.04457
3.27613
3.28919
3.28923
3.26166
3.05281
2.73284
3.00553
2.81219
3.15807
2.98435
2.69557
3.10873
2.70886
2.40244
3.00903
2.84636
2.6684
2.63213
2.71419
2.90598
2.63896
2.65923
2.80019
2.91862
2.59559
2.40716
2.67939
3.01222
2.83897
2.95226
2.86351
2.68573
2.52846
2.88276
2.86111
2.59408
2.97347
3.15903
2.7969
2.97564
2.89755
2.90631
3.30652
2.95125
2.55739
3.08241
2.89527
3.1503
2.94809
3.36366
2.82112
3.20372
3.23226
3.27499
2.827
2.88909
3.06468
2.33332
2.83178
2.74181
2.93193
2.9064
2.88683
2.92451
2.97318
2.70769
3.33798
3.002
3.21684
2.78884
2.65664
2.78066
2.42873
2.84059
2.74781
2.88976
3.30312
3.17114
3.0346
3.05824
2.92229
3.21606
2.73372
3.0686
3.18658
3.18944
3.09391
3.15546
2.89166
2.56364
3.05596
3.12601
2.81039
2.8741
2.34493
3.24032
2.96051
2.73075
2.71313
2.37642
2.63402
3.03617
2.84114
2.92272
2.84578
2.84735
2.46974
2.58327
2.76555
2.56244
2.7142
2.8129
2.94447
3.01121
2.8496
2.75636
2.59366
3.373
2.94029
2.96862
2.68294
2.92226
2.78552
2.71016
2.86533
2.99504
3.07552
2.6234
2.73248
2.62667
2.9803
2.66595
2.97739
2.61773
2.62822
2.70629
2.69101
2.59229
2.57588
2.64398
3.11619
2.90144
3.16534
2.89134
2.97026
2.95262
2.96167
3.29264
3.10341
3.06949
2.46474
2.91414
3.08771
2.82644
3.10044
2.70536
2.90208
2.76295
2.23548
3.18227
3.1613
2.84577
3.01459
2.33138
2.70873
2.5402
2.86172
2.99532
2.61288
2.70749
2.5933
3.09062
3.38844
2.95256
2.96002
2.80585
2.39803
2.75303
3.06677
2.67567
3.12489
2.50143
2.73645
2.95164
3.20398
2.93301
2.99642
2.53696
3.18021
2.56567
2.73615
2.5905
3.31921
3.08831
3.14422
2.96298
2.57147
2.42944
2.86455
3.0339
2.78999
2.58295
2.87029
2.94564
2.96464
2.56116
2.69825
2.66328
2.54813
2.92725
2.98902
2.95538
3.05577
2.92194
3.22557
2.90056
2.76774
2.91422
2.89613
2.57837
2.55165
3.08284
2.6824
2.77234
2.89532
2.91416
2.64425
2.86617
2.80276
3.20757
3.07367
2.49382
2.98396
2.89332
2.8512
2.82622
2.88659
2.5053
2.74943
3.12837
2.75415
3.01488
2.73756
2.61959
2.65717
2.93889