8.90937
9.08604
9.05698
8.90347
9.12467
8.90877
8.999
9.28236
8.99124
8.79816
8.71343
9.31076
8.9904
9.21529
8.5404
8.66591
9.49884
8.89896
9.2168
9.1331
9.04547
8.90721
8.96173
9.05876
8.7025
8.9194
8.69785
9.11077
8.60021
9.27238
8.84026
8.97334
8.55829
9.57829
9.04374
9.24588
9.11906
8.86857
9.09175
9.05341
8.86778
8.76506
9.31538
9.26648
8.87657
9.14414
8.91015
8.81971
9.27936
8.98974
8.96285
8.89192
8.76758
9.14128
8.91807
9.12661
8.88545
8.98156
9.01786
9.01099
9.08415
9.07398
9.10227
8.91966
9.52372
8.93304
9.14383
9.04103
8.95363
9.07063
8.99353
9.29246
9.02659
9.01249
9.34177
9.20624
9.12955
8.78585
9.20755
8.87334
9.1053
8.93544
8.68422
8.89236
9.08097
9.30336
9.28149
8.84254
9.01297
9.12183
9.07524
9.01525
8.93139
8.74101
8.87318
8.895
9.01817
9.36416
9.06575
9.50952
9.18958
8.66007
8.91312
8.94428
9.09712
9.16455
9.00711
8.76899
9.10281
9.29927
9.07169
9.15505
8.86461
9.35184
8.87289
9.20785
9.09412
9.53624
9.49587
9.17735
9.00872
9.17906
9.19321
9.41582
9.48174
9.36419
8.87782
9.28717
9.37142
9.38502
8.95644
9.46094
8.92138
8.87658
9.17546
9.46466
8.57847
9.30251
8.9427
9.61442
9.29233
8.82103
9.26023
8.96136
8.76225
9.37979
9.51215
9.12288
9.15915
8.90554
8.87667
9.01762
9.1659
9.30159
8.7216
8.57762
9.02594
9.04746
9.1795
9.22281
9.01729
9.01539
9.18656
9.09527
8.44003
8.78907
9.1954
9.32354
9.1989
8.88923
9.0538
9.17263
9.27866
8.80544
9.36234
9.12709
9.32381
8.85499
9.17956
9.26179
9.12987
8.73307
8.94356
9.12669
9.40913
9.11791
9.19123
8.9775
9.3907
9.30946
8.96558
8.68947
9.32756
8.92674
8.76872
9.4062
9.21212
8.99031
9.04369
9.71149
8.98875
9.42326
9.33787
8.70979
8.95523
8.95132
8.97419
8.97468
9.4222
8.99012
8.89416
8.92196
9.2104
9.09181
9.33388
9.18887
9.43529
9.42137
9.611
9.13249
9.00281
9.46327
9.49992
9.41603
9.23066
8.73996
9.00332
9.09566
9.08633
9.02469
9.22277
9.34577
8.8877
9.47075
9.13343
9.02283
9.16893
9.12478
9.06018
9.12059
9.35015
9.20495
9.45163
9.25498
9.09575
9.31518
8.88799
8.79053
9.36207
9.01943
9.10397
8.69992
9.5132
8.97303
8.89948
9.06926
9.16651
9.55756
8.98931
8.70069
9.62933
8.89895
9.54296
9.10329
9.20833
8.99943
9.17587
9.69098
9.45433
9.2083
9.38952
9.01052
9.28807
9.24133
9.48001
8.99391
9.40182
8.96714
9.31791
9.34976
8.94701
9.26779
8.69588
8.95377
9.04346
9.28908
9.88907
9.46665
9.35045
9.02278
9.12016
9.35659
8.98592
8.91613
8.97851
9.17529
9.01654
8.90363
8.87559
8.82845
8.97665
8.5878
9.47884
9.09696
8.57544
8.65179
8.96756
9.06238
9.32663
8.97006
9.19925
9.33612
9.07669
9.24174
9.06763
8.80757
9.08713
9.04269
9.45398
9.11174
8.87644
8.68234
8.81312
9.19201
9.22231
8.57156
8.66589
8.75662
9.07234
8.92948
8.6573
9.01317
9.03643
9.03432
9.23239
9.00196
8.91672
8.86337
9.03693
9.33904
8.93429
9.01893
8.85707
8.85628
9.0244
9.10213
8.86073
8.75327
9.11133
8.76318
8.98142
9.12584
9.01138
8.91567
8.72875
9.2169
8.41848
9.04264
9.02665
8.94711
9.22551
8.88026
8.96389
8.98454
8.77728
9.09238
9.53209
9.15206
9.07089
8.73794
8.63463
9.02709
8.46604
8.77379
8.93743
9.00832
8.7036
8.81533
8.88804
9.25828
8.82705
8.6499
9.25364
9.04146
9.03299
8.94618
9.21181
8.78957
8.96927
8.96164
8.99151
9.12313
9.11826
9.183
9.0909
8.9116
9.13067
9.02647
9.08148
9.3547
8.75291
9.32731
9.13487
9.14567
9.19451
9.11583
8.78386
9.08392
8.97511
9.2954
9.04758
9.3034
9.06966
9.24518
8.98419
8.73544
9.31841
9.36898
8.81713
9.40775
9.16552
9.14559
9.17551
9.27944
9.07389
9.31806
8.95455
8.54296
8.82725
9.08304
8.77128
9.06472
8.98739
9.17007
9.37071
9.20975
9.27133
8.99998
9.02531
9.18331
8.59903
9.24366
8.98067
9.08067
9.1123
9.14216
9.12138
9.15909
8.7714
9.12111
8.7885
8.80232
8.67485
8.95128
9.44921
9.22397
8.95202
8.81347
9.28621
8.77506
9.50118
8.97197
9.1958
9.00845
9.14936
9.08339
9.11656
8.78386
8.83938
8.97636
8.85496
9.06465
9.05075
8.72727
9.21298
9.06491
9.12234
9.27255
8.7782
8.72253
8.96159
8.94752
8.9939
9.14622
8.90239
9.13782
9.21118
9.07602
9.02316
9.2097
8.83364
9.26564
8.86164
8.88643
8.60659
9.0064
9.32409
8.96712
8.74499
9.54144
8.8305
9.20212
9.13387
9.0442
9.24453
9.19243
8.74599
9.26618
9.2082
9.30704
9.26674
9.14115
8.58589
9.5506
9.06788
8.85078
9.32685
8.68894
8.89882
9.19274
9.08654
9.16347
8.82053
9.37095
9.31553
8.98878
8.98121
9.37952
9.27605
8.88401
9.37803
8.78158
9.21433
9.27787
8.81096
9.18715
8.87594
9.22319
9.35616
9.17832
9.45581
9.11563
8.9006
9.21269
9.12253
8.82785
8.90212
9.52887
9.03012
9.07412
9.26916
9.08928
8.88904
8.96795
9.00448
9.25359
9.34515
8.95868
9.04802
9.31948
8.76768
9.08303
9.38497
9.04204
9.26753
9.06288
9.12159
9.24587
9.21568
9.2356
8.89658
9.08919
8.77954
9.12182
9.69358
9.16656
8.79074
8.97142
9.51354
8.97383
8.75312
9.09314
8.6439
8.75549
9.27645
8.50761
9.43124
8.8271
8.83558
8.87109
8.98936
9.3391
8.73538
8.79285
8.99989
8.82582
8.955
9.14628
9.00784
8.99484
9.53863
9.24208
9.08851
9.00404
9.11974
9.13505
9.08998
8.75643
9.12659
8.96634
8.89302
9.2392
8.7033
9.14367
9.06686
9.32435
9.00204
8.98935
8.94526
9.11266
9.23377
9.30061
9.21966
9.27457
9.18254
9.238
9.43797
9.15115
9.04232
9.30518
8.76496
9.29372
9.15651
8.91422
8.98658
9.14609
9.14155
9.07734
8.80733
8.98771
9.08427
9.19066
9.03424
8.67937
9.00307
9.21112
8.9201
9.51268
8.81333
8.91085
9.05522
9.04133
8.96764
9.00964
8.9527
9.07069
9.22446
9.05132
9.09845
8.81041
9.07934
8.62786
9.04793
9.01743
8.86422
8.88743
9.18223
9.32197
8.71009
8.84498
9.48634
8.9424
8.98046
9.14134
8.6922
9.23938
9.48457
9.09849
9.29674
8.7594
9.12014
9.28452
8.94593
9.23477
9.09061
9.11591
9.18696
9.09743
9.27741
8.87564
8.98471
9.16331
9.53924
9.04385
8.97667
9.50601
8.93691
8.83815
9.52515
8.92599
9.35821
9.46333
9.23518
9.33957
9.19531
9.33798
9.1927
9.34947
9.05963
9.26578
8.81001
9.43135
8.97734
9.52282
9.13154
9.44862
9.25493
8.87961
9.24749
9.00581
9.12855
9.19468
8.78495
8.97756
9.46309
8.89259
8.98334
9.13666
9.22959
9.44506
9.24975
9.30578
9.2826
9.25125
9.21426
9.31341
9.0915
9.21941
8.96448
8.83164
8.91444
8.82735
9.38082
8.80252
8.79917
8.72151
9.1291
9.28918
8.95468
8.84914
9.51803
9.25541
9.14821
9.36424
9.04819
8.98336
9.04343
8.95922
9.05219
9.31791
9.23682
9.12825
9.32752
9.21074
9.09416
9.08501
8.51915
8.89081
9.15672
9.12021
8.79561
9.21765
9.49091
9.23393
9.24232
9.15201
8.98319
8.79503
9.42752
8.9564
8.73133
9.48856
8.99189
9.32515
9.01776
9.27721
8.43869
8.9305
9.30689
9.45131
8.91908
9.39352
9.26912
9.14944
9.1649
9.07578
9.0685
8.83973
9.0051
9.24759
8.95801
8.8696
9.2739
9.0049
9.28515
9.0626
9.38753
9.49462
9.19987
9.57024
8.75559
9.01626
8.85728
8.86527
9.39231
9.25082
9.38897
8.88762
8.86641
8.79718
9.51711
9.26726
8.91652
9.049
9.2064
9.01966
9.01619
9.17417
8.65748
8.90464
9.04489
9.15226
9.33084
8.96693
9.34728
9.04441
9.24975
8.85934
9.26089
9.26715
9.10681
9.11429
9.36213
9.14727
8.93152
9.34256
8.80598
9.39045
9.13587
8.92111
9.3491
9.05455
8.60072
9.05464
9.39626
8.77691
8.77129
8.77194
8.87845
9.24863
8.56846
8.84338
8.65343
9.16448
8.85943
9.11921
8.83266
9.1539
9.01721
9.25139
9.26576
8.83904
8.74678
9.07386
8.95678
9.05321
8.75086
8.82555
8.16296
9.01182
8.93758
8.66997
9.07454
8.71563
8.82435
8.66937
9.0098
8.86076
8.79442
9.07044
8.93641
9.05293
8.79956
9.00071
8.91993
8.65162
9.081
9.24604
8.84786
9.1701
9.06316
8.78466
8.96492
8.86064
8.7893
8.50382
9.17027
9.02691
9.11826
8.76712
8.7277
8.85462
8.77732
8.98876
8.8335
8.87274
8.84346
8.47981
9.29291
9.13592
8.64616
8.7274
9.25478
9.17485
8.95389
8.69231
9.08908
8.93142
9.22868
8.58361
8.48433
8.83305
9.10132
8.74614
9.15711
9.05286
8.9364
8.89758
8.86206
8.62576
8.91559
8.96245
8.92484
8.978
8.89962
8.7908
9.26779
8.52359
9.22467
8.54923
9.05468
9.32731
8.89508
8.84323
9.07216
8.81091
8.84268
8.6889
9.11815
9.1847
9.40407
8.78051
9.2013
8.78763
9.32092
9.09212
8.98437
8.72835
9.73512
8.79812
9.09789
9.54764
8.90735
9.32793
9.09333
9.51629
9.16722
9.28875
8.80643
8.96483
9.08875
8.58206
9.39351
9.02398
8.93377
9.36743
9.14695
8.89086
9.14468
9.09674
9.21535
8.84357
8.71611
8.81156
8.61188
9.18133
9.09946
9.09157
9.18031
9.33309
8.73179
8.59612
9.12612
8.73925
9.0849
8.74672
9.00103
9.15288
9.09014
9.02384
8.8737
9.0994
8.92131
9.2543
9.07627
8.84335
8.95811
8.93121
9.15122
9.02612
9.31289
9.27759
9.15583
9.00587
9.18163
8.99174
9.04731
8.74872
8.97967
9.08757
9.07493
8.67711
9.33045
9.09564
8.9242
9.23319
9.17859
8.78107
8.72216
8.95442
9.03797
8.85729
8.85418
8.6162
8.96934
9.13284
9.0701
9.02438
9.08689
8.99732
9.27081
8.81075
9.00691
9.06694
8.78137
8.97618
9.08959
9.09532
8.5437
8.95056
9.00415
8.84548
9.08318
8.96601
8.98306
8.99833
8.54862
9.25263
8.73132
9.01929
8.95859
8.9254
8.85992
8.8835
8.81974
9.13742
9.27874
9.22485
8.8981
9.1991
8.32458
9.0694
8.81332
8.94983
8.77563
8.91672
8.89369
9.11468
8.95345
8.86986
9.08274
8.93663
8.92215
8.92779
8.88217
8.67371
8.87503
8.94089
8.75303
9.16597
8.79479
8.95218
8.90667
8.84233
9.26304
8.66438
9.09636
8.95377
8.63939
8.94289
9.23737
8.52688
9.05415
8.79629
9.08337
8.84974
8.95851
8.80174
8.42824
8.73373
8.99873
9.17275
9.61007
9.45847
8.76785
9.3996
9.48266
9.33915
9.31805
9.28395
9.32733
9.27211
9.50757
9.04722
8.74103
9.65285
8.81508
9.28695
9.33267
9.56406
8.98064
9.27834
8.92293
8.96929
9.36887
9.2252
9.38466
9.09605
8.93064
9.45025
8.88467
9.04052
9.27645
9.32758
9.0799
9.07287
8.86797
9.2884
9.20643
8.99173
9.47944
8.87759
9.43353
9.09733
8.92753
9.01689
9.04212
9.28798
9.20178
9.10419
9.49035
9.25803
9.37256
8.74217
9.34097
9.31448
9.30036
9.34154
9.06457
8.83902
9.12959
8.88001
9.05801
9.42846
9.06421
9.00968
9.30602
9.27648
9.14262
9.76676
8.96654
9.2207
8.97036
9.27155
9.405
9.2094
9.04469
8.86075
8.91274
9.4081
9.12744
9.50997
9.36803
8.74257
9.54086
8.78864
9.14157
9.39032
8.96094
9.17588
8.74896
9.18446
9.40877
8.96667
8.95376
8.9091
8.55538
9.23512
9.27099
9.03009
9.10897
9.20413
8.86043
9.00487
9.22797
9.1811
8.70209
8.93116
9.14295
8.98843
9.18204
9.06618
9.35541
9.08086
8.98264
8.71595
9.19498
9.10126
9.17754
9.1479
8.75792
9.08402
8.99556
9.18816
9.03416
9.08887
9.26421
8.88833
9.16876
9.07912
9.1213
8.93442
9.05783
8.95628
9.22707
9.22488
9.08441
9.20614
9.17738
8.89668
9.34906
8.68027
9.13384
8.93195
9.12964
8.80986
9.29405
8.77361
9.33594
9.45661
9.11393
9.04407
8.98969
8.59717
8.79261
8.76847
9.30456
8.96458
8.99184
9.13821
8.93697
8.71072
9.09744
9.11288
8.93626
9.05061
9.07668
9.03844
8.81854
9.20533
9.17365
8.96218
9.17288
8.81104
8.70123
9.10629
9.22861
9.39101
8.83922
8.97276
9.52946
9.59704
9.31041
9.36937
8.77141
9.395
8.99126
9.02596
9.1774
9.58299
9.21694
9.10849
9.42569
8.84505
9.45704
8.94611
8.91063
9.19846
9.22462
9.2152
9.35782
9.0984
9.22649
9.07989
9.08991
8.89129
9.03708
8.89224
9.02612
9.65763
9.4822
9.57026
9.19945
9.41393
8.80033
9.22746
8.85901
8.95424
9.19073
9.28695
9.29817
8.89235
8.68941
9.40929
8.98373
9.44212
8.76683
9.34649
9.69728
9.25311
9.26877
9.3632
9.29981
9.28153
9.34896
9.16013
9.29434
9.39256
8.83258
8.97972
9.13066
9.58474
9.00905
9.0916
8.96118
9.21583
9.48849
9.06959
9.09999
8.97332
9.06462
9.20659
9.20449
8.97573
9.03706
9.11786
9.42151
8.99659
8.81369
9.29831
8.98972
9.27866
8.96854
9.19044
9.14625
9.12817
8.79427
8.85316
8.91447
9.00309
9.1707
9.11919
9.34249
8.98452
9.08351
9.13853
8.74733
8.91399
9.20601
8.59513
9.07037
9.25331
8.40026
9.13188
8.70492
8.82127
9.29249
9.22764
9.30472
8.80011
8.85547
8.71944
8.86938
8.87782
8.79389
9.20995
9.33951
8.76988
8.95032
8.80663
8.92643
8.85967
9.32244
8.84752
8.48323
8.85357
9.12846
8.94827
8.9526
9.03401
8.76608
9.24671
9.18044
8.83694
9.08402
8.75409
9.13641
8.97908
8.72088
9.17813
8.60149
8.97555
8.52432
8.50062
8.9447
8.97217
8.80793
8.89162
8.92875
9.14894
9.06779
8.98174
9.26054
8.89341
9.07491
8.56746
9.04218
8.5359
8.86629
9.21114
9.09835
9.05354
9.05488
8.77329
9.12109
9.69282
8.9281
8.82556
8.98621
9.24779
9.25751
8.82272
8.92818
8.70024
8.69604
9.36779
9.03813
8.70727
8.80234
8.79543
8.87489
8.932
8.97334
9.19106
9.48707
8.65081
9.09902
8.81533
9.24135
8.79467
9.37363
9.11876
8.88384
8.86837
9.35603
8.74362
8.86569
9.02963
9.32789
9.49736
9.04931
9.65086
9.13141
8.87983
8.75255
9.07129
9.21072
8.99771
9.10701
9.03805
9.07271
8.9902
9.39493
8.64663
8.79704
8.97501
8.8922
9.11757
9.11423
8.88105
9.06196
8.91268
8.95327
9.49459
9.30218
9.0869
9.43137
8.92736
8.8576
9.08721
9.39059
9.06054
8.66856
9.06436
9.39481
8.65381
9.22147
8.89497
8.85992
9.15257
8.8287
9.07416
9.31433
9.11968
9.23045
9.35668
9.1549
8.92065
8.91855
9.54177
8.88989
8.80339
9.03429
9.60272
9.11795
9.43707
9.16502
9.42971
9.03717
9.34202
9.37923
8.83327
9.34863
9.20759
8.99989
8.91663
9.04363
9.17876
9.27098
9.4243
9.61813
8.86868
9.09694
9.00887
9.01268
8.90338
9.3605
9.44129
9.29085
9.24594
9.60591
9.46732
8.62893
9.28392
8.8826
9.12845
8.92129
8.89254
8.97299
9.00779
9.32496
9.10805
9.39308
8.7277
8.89774
9.15781
9.47761
9.20832
9.29561
9.07486
8.77548
9.30914
9.22237
9.23822
9.09751
9.129
9.06774
9.35776
9.45481
8.99253
9.28129
9.4563
9.0393
9.0807
9.14006
9.37659
9.27884
8.93722
9.34162
9.27651
9.43473
9.48347
9.10736
9.00835
9.30653
9.35653
8.92535
9.40196
9.24411
9.02543
9.35377
9.29976
8.67879
9.33502
9.10572
9.47678
9.2707
8.68196
8.90841
9.13466
9.33703
9.06477
8.88937
8.87502
9.42372
8.93022
9.39042
9.56845
8.80286
9.19024
9.27987
9.02694
9.059
9.04009
8.91945
8.85122
8.85353
9.24262
9.17096
9.02364
8.9722
9.41268
9.05634
9.27336
8.96444
9.06286
9.05461
8.87654
9.15115
8.74832
9.15925
8.98544
9.13042
9.10587
8.81988
9.18554
8.96082
9.09731
9.06756
9.13238
9.17383
8.64092
9.28203
9.13437
9.30054
9.09354
8.80441
8.86624
9.08826
8.89622
9.01479
9.27554
9.32637
9.25968
9.24386
8.92319
9.3021
9.16511
9.28158
9.03859
9.28619
9.24916
9.12269
8.75416
8.82903
8.94655
8.90192
8.97781
9.06649
9.47577
9.36569
9.17035
9.21543
8.94278
9.01222
9.04119
9.27888
9.11187
9.51576
8.86427
9.11051
8.81546
9.16212
8.82575
9.48249
9.17175
8.75601
9.38993
8.95832
9.17614
9.10415
9.21696
9.11001
9.24416
8.68656
8.99121
8.96675
8.85098
9.6249
9.18058
9.26612
9.06429
9.09231
9.08206
9.00716
9.05173
9.28195
8.81033
8.85964
9.20138
8.79375
9.06749
9.12556
9.25645
8.81671
9.13839
9.07443
8.7624
9.13418
8.95068
8.75497
9.34335
8.50156
9.43348
9.35639
9.33652
8.94088
8.85974
8.82258
9.10317
8.86986
9.43487
9.11685
9.10833
9.27164
8.89551
9.06713
9.33276
8.77434
8.9891
9.15491
8.95265
9.12881
8.73404
9.19505
8.89461
9.1467
9.01384
9.24087
9.52061
8.83349
9.48823
9.11096
9.16985
8.86067
9.39888
8.99548
9.2431
9.14789
8.96365
9.20702
9.25701
9.04005
9.13828
9.17973
8.94442
9.46056
8.90938
9.14352
9.01252
9.26177
9.05266
9.35246
8.86258
9.2328
8.92697
9.24669
8.97119
9.12671
8.97274
9.06534
9.02646
9.02197
9.42292
9.04889
9.0127
9.50697
8.83682
9.20422
9.13656
9.1529
9.07291
9.28428
8.94204
9.56025
8.93579
8.9228
9.1936
9.01979
9.15822
8.97425
9.19509
8.93088
9.05442
9.3881
9.13557
9.27062
8.72828
9.16095
9.12903
9.25299
8.89272
9.29655
9.4683
8.82324
9.14235
9.1774
8.92793
9.20677
9.00727
9.17699
9.17492
9.4063
8.57079
9.26986
8.91914
9.12594
8.88915
9.17979
8.84725
9.09513
9.16916
8.87802
9.19927
8.85831
9.46525
9.03006
8.9395
8.85681
8.84462
9.12257
9.45284
9.56169
9.2249
9.40442
9.09344
8.80896
9.35851
9.3157
8.87547
8.94788
9.22942
9.029
8.9131
8.86671
9.04612
9.08657
9.10333
9.08912
9.29174
8.9821
9.34958
8.6463
8.98403
8.81496
8.93075
9.36385
8.87948
9.41648
8.82981
8.87859
9.05852
9.32628
8.8964
8.92917
9.26047
9.12074
9.25815
9.14502
8.7175
9.00378
9.05009
9.47402
9.14328
9.08278
8.97587
9.16716
8.85527
9.18475
9.23148
9.20162
9.14013
9.09128
9.3679
9.36786
8.94571
8.81931
9.26781
8.89787
9.10741
8.69108
8.76606
9.16319
9.04329
8.91295
9.74287
9.48784
9.41074
9.06801
9.0423
9.57104
9.04772
9.36699
9.05341
9.34441
8.94078
8.92336
9.17586
9.49087
9.36142
9.32184
9.3245
9.14478
9.27518
9.41634
8.99944
9.24407
9.00367
9.36545
9.17269
9.02333
9.29226
9.35846
9.36722
9.04765
9.23865
9.60041
9.18106
9.28274
9.4135
9.26396
8.72734
8.97074
9.28452
9.01867
9.56401
8.88643
9.24607
9.01469
9.09114
9.13147
9.27847
9.57872
9.73175
9.35718
9.15571
9.53678
9.23408
9.24855
9.46245
9.19722
9.26058
8.83797
9.78568
9.03941
9.03351
9.29784
9.21901
9.10542
9.07853
9.37873
9.47737
8.83821
8.69638
9.48756
9.20561
9.15505
9.21986
9.08797
9.17137
9.23839
9.08879
9.50564
9.16741
9.28766
9.37054
8.91752
9.24147
9.33104
8.99022
9.23197
9.37601
9.03096
8.91032
9.62091
9.29237
9.01176
9.37875
8.82542
9.16224
9.38755
9.22336
9.0531
9.24675
8.84295
9.13281
8.67367
8.99975
8.98102
9.10563
9.46261
9.23534
9.3617
8.89446
9.18262
8.87348
9.2199
9.02099
8.76669
8.83961
8.90419
8.76596
8.92224
9.27972
9.00893
9.11275
9.44573
8.87665
9.15417
8.68124
9.03632
8.92392
8.71464
9.19673
9.43759
9.45382
9.16776
9.54322
9.27885
8.91665
8.74679
9.00728
9.60434
8.82295
9.33365
8.74116
9.47424
9.14651
9.30049
8.89996
9.04781
9.09648
9.38367
8.46609
9.03588
8.90149
9.23123
8.90356
9.34727
9.1072
9.0679
9.07916
9.00828
9.51789
9.03423
9.39878
8.80777
9.14888
9.11402
9.03827
9.28651
9.0372
9.16431
8.82667
9.41554
8.95562
8.90845
9.11571
9.16376
8.60071
9.17048
9.0807
9.42459
8.93888
9.06184
8.8253
8.88053
9.40554
9.33433
9.18725
8.79266
9.00779
8.99699
8.83461
9.48471
9.44676
9.15149
9.2718
9.04476
9.01802
9.44519
8.96711
9.10884
8.97263
8.69687
8.84746
9.01451
9.0678
9.14424
9.12909
9.3456
8.78404
9.396
9.22243
9.23376
8.87577
9.40959
9.04207
9.19561
9.10655
8.91188
9.15103
9.2483
9.39276
8.96389
9.25478
8.67929
9.1456
9.01718
9.25021
9.228
9.14598
9.35028
9.29974
9.17168
9.02067
8.7839
9.41053
9.20937
9.21183
8.80414
8.58215
9.2844
8.80116
9.27784
9.09429
9.11354
9.32411
8.46584
9.28612
9.4058
9.10593
9.01867
8.96404
9.10108
8.95649
9.28942
8.65708
9.13376
8.82722
9.03166
9.04686
9.2405
9.10096
8.53339
8.88659
9.1094
8.80351
9.20867
8.91792
9.06678
8.96789
8.9995
8.85369
9.42136
9.0085
9.10207
9.51596
9.24191
9.06608
8.8083
9.05415
8.86117
8.72324
9.2532
8.714
9.14232
8.65691
9.1133
9.04886
9.11355
9.1204
9.21869
9.05494
9.30737
9.2509
9.11168
8.88114
9.41287
9.26409
9.3734
9.3534
9.18253
8.73577
8.9289
8.99965
8.96943
9.40735
8.98117
9.26196
9.13682
9.24487
9.42419
9.00633
8.8221
8.99627
9.46263
9.50838
9.26575
9.2344
9.25268
9.30233
9.34605
9.20238
9.11674
9.51246
9.36104
9.0184
9.24032
9.18426
9.2663
9.27104
8.92158
9.23791
9.46904
9.17809
9.02333
9.2219
8.78422
9.05456
9.02792
9.34992
8.93038
9.13162
9.12079
9.24912
9.00304
9.42146
9.32705
9.08652
9.53418
8.99514
8.99128
9.51988
9.05026
9.1116
8.99223
9.54148
9.51463
9.52384
9.56342
9.14521
8.9936
9.16572
9.52467
9.23131
9.4165
9.10049
9.22466
9.46381
8.93069
9.06053
9.30896
9.32743
9.32977
8.86203
9.06948
9.6391
9.26786
9.39414
9.31318
9.37121
9.53556
9.43694
9.18036
9.17864
9.03428
8.90332
8.93632
9.1299
9.19256
9.22221
9.03239
9.44448
8.86847
9.17066
8.95879
9.4485
9.19399
8.77843
9.33197
9.40574
9.16074
9.34432
9.3093
8.7599
9.39591
9.09651
9.1989
9.04035
8.92661
8.539
8.99883
9.15275
8.97365
9.22905
8.81466
8.72176
9.2677
9.02955
8.65297
8.92723
9.08381
9.14142
9.20333
9.18218
8.90748
8.83872
8.92728
9.0346
9.25997
9.01032
8.83846
9.15005
8.9363
9.11971
9.20742
9.11298
9.11908
9.01682
9.40476
9.08438
9.12907
9.23631
9.20807
9.20091
8.86619
8.74983
9.05626
9.08147
9.13989
9.1635
9.38971
9.40322
8.98861
9.30594
9.18526
9.40278
8.9703
9.50522
9.39408
9.39639
9.44343
9.08202
9.58193
9.2402
9.44976
9.27499
9.39514
9.18
9.21896
8.94678
9.58737
9.23569
9.20624
9.67429
9.40298
8.81474
9.29395
9.62081
9.55694
9.6379
9.0506
9.08938
8.9148
9.31277
9.07504
8.90632
9.57804
9.18665
9.13962
9.5152
9.03533
9.40019
9.60741
9.13594
9.31697
9.26181
9.31784
9.25598
9.23866
9.21716
9.45032
8.97576
9.15487
9.09612
8.9213
9.19931
9.10022
9.22271
9.13387
9.59306
9.16563
9.3803
9.4042
9.22274
9.15756
9.72696
9.33319
9.13898
9.56572
9.24121
9.16917
9.33692
9.53124
9.30617
9.58533
9.24269
8.97105
9.41365
9.09349
9.18349
9.07351
8.76455
9.05857
9.29178
8.93904
8.95634
9.28244
9.13715
9.29565
9.06306
8.97854
8.96969
8.99233
9.11895
8.89519
9.09811
8.82005
9.76845
9.12095
9.19624
9.29694
9.0116
9.14038
9.43218
9.1892
8.83857
9.12595
8.99192
9.21488
8.91763
8.77013
9.49861
9.47908
9.06434
8.95477
8.86853
8.93369
9.10051
9.11373
8.97074
9.40084
9.39223
9.17864
8.95656
8.96436
9.05612
9.37526
9.08579
8.92442
9.48621
9.49636
9.29695
9.07154
8.965
8.757
9.22044
8.87885
8.96614
9.29506
9.00791
8.9658
9.23966
9.09298
9.04854
9.27578
9.13403
9.55456
9.48604
9.32901
9.44418
9.03071
9.25855
9.09476
9.62783
9.58505
9.17491
9.10232
9.22056
9.17511
9.48322
9.19366
9.56511
9.38062
9.42051
9.34114
9.09344
9.0269
9.20274
9.16333
8.89961
9.17828
9.28957
9.24887
9.36709
9.22263
8.76297
8.80358
9.36014
8.97599
8.97148
9.55697
9.18406
9.16828
9.25678
9.09854
9.45847
8.99564
9.28234
9.32557
9.23114
9.2038
8.86177
9.28349
9.39258
9.00542
9.07644
9.04801
9.08514
8.96467
9.63264
9.18846
9.30217
9.25794
8.91652
9.57597
8.9367
9.18589
9.22761
9.29404
9.18225
9.67283
9.34453
8.84291
9.20247
9.06147
9.15495
8.87923
9.62177
9.01299
8.96735
9.03624
9.22196
9.04949
9.14338
8.95622
8.31593
8.85532
9.03405
9.19658
9.13867
8.76737
9.41002
8.9425
9.44728
9.02253
9.17854
8.61732
8.44888
9.13202
9.25227
8.66796
9.12931
9.48136
8.73546
8.91652
9.47813
9.23252
9.07366
8.95456
8.91929
9.051
9.19232
8.62014
8.85968
9.18943
9.02971
9.30703
9.26802
8.8919
9.55953
9.01243
9.12481
9.04371
9.21356
9.111
8.95036
8.75838
9.4217
9.14235
8.7915
9.11955
9.12005
9.25237
9.13112
9.03891
8.72624
9.08059
9.034
8.94217
9.23878
8.83081
9.27578
8.84291
8.83667
9.31361
8.84458
9.02992
8.91263
9.23075
8.67456
8.95702
8.61127
9.08049
8.97446
9.3994
9.18639
9.30555
8.64057
9.29323
9.44577
9.1756
8.97934
9.19017
9.12213
9.04782
8.90765
8.79569
8.78801
9.20634
8.93999
9.29873
9.21106
9.42879
9.05696
9.17742
8.92906
9.14545
8.94911
8.98514
9.19163
8.84257
9.28484
9.19258
9.4177
9.35487
9.1401
9.46291
9.04125
8.85939
9.06081
9.09829
8.85898
9.0899
9.3473
9.16876
8.96005
8.94792
9.11716
9.39534
9.18039
8.93581
8.9458
9.14773
8.74621
9.22622
9.32148
9.08639
9.45187
9.17557
8.7992
8.93924
8.67904
8.89991
8.76218
8.78895
9.07714
8.87932
9.16686
9.1373
8.95531
8.64503
8.7879
9.40642
8.75341
9.51609
8.84017
9.05488
8.92917
8.98194
8.83921
8.99885
8.43511
8.72298
8.82252
8.80663
8.85657
9.02865
8.91303
9.13032
8.89436
8.92392
9.6731
9.18714
8.89044
9.05689
8.74931
9.34023
9.4074
8.79081
8.9015
9.44836
9.16556
9.28277
8.80064
8.98992
8.71284
8.7874
8.7885
8.61301
9.31424
9.33084
9.04273
8.38273
9.1082
8.58143
9.04697
8.91474
8.78214
9.14484
8.99758
8.92145
9.08775
9.21458
9.27538
9.30375
8.98616
9.13413
9.38502
9.30997
9.4699
9.18538
9.56419
8.9359
9.42661
8.94706
9.38653
9.11661
8.99642
9.33955
9.49069
9.45598
9.37926
9.28989
8.96156
8.99863
9.3169
9.48332
9.19888
9.25695
9.25197
9.19801
9.17595
9.22062
9.36788
9.31953
9.38389
9.47405
9.5775
9.29156
8.7978
9.25028
9.61047
9.2107
9.13787
9.27494
9.3429
9.09445
9.36031
8.90695
9.55019
9.28437
9.17817
9.35175
9.14124
9.20812
9.00839
9.2316
9.39902
9.38384
9.31604
9.32617
9.50366
9.44141
9.45337
8.71544
9.21219
9.15508
9.05394
8.76343
9.13107
9.05402
9.48967
8.59673
8.95656
9.20399
8.9257
9.3028
9.30584
8.86405
9.08035
9.04993
9.3768
8.84385
9.72653
9.37554
8.81178
9.55274
8.90253
9.38529
8.94157
9.19855
8.81161
9.0136
8.9857
9.0164
9.41751
9.20463
9.26433
8.8292
8.9196
9.12544
8.95207
8.91113
8.93905
9.17574
9.42961
8.95155
9.26759
8.86809
9.26924
9.27795
9.00609
9.22496
9.53395
9.03917
9.01986
9.02409
9.1989
9.41665
9.18667
8.95993
9.22984
9.09422
9.1985
9.28524
8.70435
8.87468
8.79928
8.77646
8.95045
9.44325
9.15852
9.06004
9.09338
8.97391
8.71194
9.11461
9.14844
9.08273
8.89865
8.88128
9.16446
9.11189
9.49904
9.39388
9.14581
8.96044
8.77797
9.17033
8.77746
8.8893
8.71316
8.83236
8.81304
9.19774
8.73724
9.19079
8.90853
9.36074
8.9907
9.0067
8.67892
8.87692
9.13688
9.28337
9.08514
8.92357
8.75665
8.9678
8.99544
9.17439
9.02491
8.85481
9.05092
9.02017
8.81695
9.02792
9.07029
9.35667
9.28584
8.70775
9.18367
9.19001
8.9408
9.04919
9.25276
9.00617
9.20465
9.01071
8.84729
9.07141
8.78504
9.01021
8.89525
9.24218
9.46212
9.48786
9.3852
9.31562
9.16321
9.4638
9.27665
9.6832
9.05072
9.07693
9.40884
9.61136
8.91195
9.41871
9.301
9.22621
9.35207
9.0877
9.30108
9.15718
8.64306
9.05555
9.11025
9.67524
9.34816
9.65745
8.72664
9.28417
9.20817
9.49087
9.35607
9.30649
9.1531
8.82454
9.20528
9.28074
9.1803
9.05942
9.1158
8.89893
9.66213
9.41187
9.31127
9.30643
8.90423
9.33691
9.04863
9.12367
9.12907
9.17149
8.88269
9.39675
9.29467
9.54141
9.25501
9.02785
8.91348
9.27894
8.74512
9.20117
9.42265
8.87775
9.24244
9.17856
9.03883
9.10455
9.09467
9.22793
8.99103
8.86771
8.72482
9.0101
9.10903
8.83162
9.47598
9.29447
8.93859
9.25242
8.99935
9.16961
8.702
9.37214
9.19713
8.81736
8.80867
9.02336
8.81644
9.13233
8.98049
9.23422
8.95118
8.98822
8.97103
9.10997
8.55673
9.22691
9.34752
9.03992
8.85901
9.0367
9.32633
8.84814
9.02627
8.90069
9.09244
8.89573
9.28629
8.68617
9.08834
9.51752
9.00136
9.63826
9.00142
8.99335
8.81212
9.13462
8.78882
8.92112
9.19097
8.96263
8.87726
9.06241
8.79637
9.08895
8.99097
9.15736
9.43564
9.31752
9.29898
8.99833
8.875
9.00587
8.99854
9.03868
9.52524
9.08069
9.20577
9.26448
9.33753
9.10903
8.86545
9.12223
9.23617
8.85449
9.25459
9.01566
9.30175
9.18052
9.29494
9.2095
9.18674
9.52787
9.39809
9.25292
8.76417
9.0052
8.77426
9.34224
8.8819
9.03643
9.69009
9.0892
9.59571
8.89771
9.33986
9.09322
9.11175
9.09042
9.14147
8.65472
9.34521
8.72782
9.11892
9.04108
8.88267
9.18739
9.16844
9.12535
9.2266
9.18127
9.17851
9.39478
9.23742
9.18859
9.48624
9.30833
9.17907
9.32626
9.02485
9.53748
9.29159
9.02279
9.16866
9.17528
9.08759
9.05087
9.34953
9.02933
9.13061
9.15787
9.17714
8.82349
8.96657
9.45251
9.1473
9.46346
9.26427
9.77264
9.1491
9.06354
9.19813
8.90977
8.80285
9.25398
8.62025
9.24782
9.37088
9.14662
8.91094
9.23329
8.79448
8.9795
8.92613
8.88856
8.67498
8.8733
8.7502
9.01286
8.83991
9.13798
9.20199
9.00791
9.01902
8.6327
8.97804
8.96082
8.95076
8.94672
9.17616
9.22583
9.4673
8.99299
9.02902
9.13952
9.05111
8.80833
8.68744
9.22316
8.92744
9.41151
9.00331
9.25249
9.50857
9.43715
9.14178
8.88999
9.10492
8.65438
8.95143
8.92281
8.84399
8.95975
8.69897
9.27626
9.10154
9.22797
9.24329
8.97577
9.10635
8.97192
8.99365
8.84722
9.37652
8.99529
8.77028
9.36224
9.27942
9.77062
9.07692
9.3062
9.02945
9.58794
9.21363
9.39211
9.26953
9.05696
9.02132
9.05282
9.32904
8.75427
9.23168
9.01752
8.84919
9.30852
9.27584
9.39231
9.23047
9.21892
9.04863
9.24759
9.2789
9.03728
8.79323
8.88756
9.05944
9.00337
9.31065
9.05388
9.34745
8.90667
8.98632
9.33182
8.90924
8.94289
9.15219
8.94671
8.76512
9.19253
9.39366
9.03353
9.1854
8.69502
9.05668
9.04736
9.08072
9.11123
8.82685
9.20395
9.02396
9.13116
9.01321
9.23713
9.24935
9.25652
8.9157
9.01176
9.1109
9.15693
9.20321
9.38115
8.66222
9.5197
8.93363
9.10991
9.1764
9.07714
9.03775
9.02904
8.76414
9.17713
8.782
8.61724
9.03654
9.10962
9.01026
8.74927
9.10129
9.40757
9.20821
9.19944
9.62467
9.33948
9.21714
8.94017
9.54304
8.9522
9.2895
9.17983
8.85743
8.91028
8.98635
8.87385
9.09649
9.10207
9.26012
9.32691
9.27802
9.44672
9.2323
9.06892
9.11429
9.72949
9.23028
9.05735
9.05683
8.94028
9.14998
9.08049
9.37884
9.19857
9.50972
9.13495
9.05908
9.55878
9.19972
9.24651
9.14097
9.40391
8.6246
9.28495
8.98227
9.01053
9.65624
9.37824
9.28768
9.04451
9.11132
8.96544
8.73158
9.36226
9.03971
9.08533
9.1871
8.85646
8.79458
9.1641
9.0308
9.32223
9.32367
9.09555
9.17188
8.67859
8.74478
9.1548
8.95269
9.01333
8.68819
9.43086
8.6049
9.3436
8.91957
9.63588
8.65553
8.9986
8.88764
8.97438
9.33904
9.16021
8.44531
9.01823
8.7736
8.92196
9.2592
9.00814
9.33238
9.35873
8.74444
9.33643
8.98227
9.01604
9.03406
8.92805
9.22482
8.64511
8.80163
8.95649
9.22113
9.06704
9.11776
9.15766
9.03086
8.92314
9.20878
8.99402
8.62247
9.38173
8.92284
8.94757
9.14869
8.8276
8.92824
9.41195
9.17426
9.52506
9.39725
9.09853
9.21784
8.9737
8.59006
8.81636
9.20307
9.34017
9.45042
9.0081
8.88551
9.17824
8.58069
9.03484
8.86293
9.06678
9.23797
8.9436
9.06899
9.54752
8.82474
8.96976
9.01956
9.3693
9.35033
9.18595
8.9729
9.35714
8.85421
9.16027
9.22525
9.29298
9.28166
8.92186
9.07896
9.23001
9.4695
8.71051
9.36679
9.43769
9.27764
9.00323
8.66013
9.19788
9.19215
9.30995
8.9414
9.32421
9.28993
9.01999
9.06396
9.00986
9.41303
9.01747
9.10244
9.36332
8.86934
8.87511
8.88744
8.99318
9.08411
8.83985
9.09516
8.89026
9.13172
8.89045
9.48451
8.95119
9.25037
9.03207
9.01655
9.03472
8.85572
8.97649
8.90684
8.85703
8.76264
9.17979
8.98573
9.05673
8.88406
9.00117
9.07099
8.78742
8.97926
8.7964
8.98131
9.25617
9.08689
9.437
9.43058
9.15173
8.89526
9.22518
8.53517
8.81374
8.85283
8.71244
8.88703
8.89256
8.98698
9.11895
9.67313
9.1621
8.99044
9.13318
8.78708
8.9941
9.50024
9.09653
8.73518
8.94057
8.65075
9.14838
8.91048
8.95513
8.97174
8.7143
9.30741
8.77153
8.95657
9.06563
9.03373
9.04066
9.26807
8.86244
9.18217
9.23782
8.90231
8.93415
9.31014
9.19198
9.31268
9.36272
9.02959
8.97569
9.20277
8.89054
8.68143
9.20441
9.2777
9.01051
8.83264
8.9783
9.50178
9.20487
8.98285
9.19839
9.23343
8.71889
8.79324
9.15387
9.5751
9.19214
9.15639
9.22227
9.14803
8.89037
9.05359
8.88847
8.74928
9.09765
9.25253
9.32053
8.74231
8.92874
8.56567
8.90336
8.88216
9.20559
9.19223
9.18389
9.50583
9.26668
9.12759
8.71844
8.9065
9.02122
9.26707
9.36884
9.50505
9.18701
9.29442
8.94662
8.94484
9.21056
9.1684
9.00072
8.8365
9.29043
9.16943
9.14824
8.82228
9.05476
9.37919
8.95064
9.05515
8.74505
8.90608
9.41917
9.34397
9.1372
9.27318
8.94822
9.27444
9.43644
9.13306
9.29097
9.75932
9.54976
9.28173
9.59884
8.99693
9.09702
9.43179
9.54794
9.23555
9.32659
8.9062
9.69839
9.49751
9.0958
9.13698
8.97665
9.14754
9.03584
9.17789
9.12017
9.37859
9.17142
9.15885
9.6404
9.24575
9.52201
9.14096
9.27977
9.43479
9.1516
9.56881
8.87769
9.40745
9.14393
9.18736
9.19184
9.25304
8.84232
9.18643
9.29451
9.41042
9.13522
9.29681
9.23384
9.26697
9.67085
9.31701
8.81525
9.26737
9.36009
8.76807
9.02232
9.44502
9.07736
8.85672
8.83953
9.16724
9.16886
8.80331
8.99539
9.21884
8.95598
8.85469
9.18245
9.23246
8.77084
9.03532
9.05045
9.04245
8.98553
9.1669
8.97353
9.45582
9.05693
8.98487
9.19241
9.03202
9.42449
9.25365
9.11177
9.24355
9.19555
9.04215
8.89683
9.0491
9.07862
8.99088
8.99552
8.97662
8.84258
8.97787
8.9377
8.94759
9.31551
9.2429
9.46851
9.15329
9.21761
9.0727
9.42029
9.53583
8.99946
9.19212
9.51127
9.50013
9.31765
9.37941
9.27277
9.17006
9.22248
8.61252
9.22836
9.23755
9.10075
9.16564
9.06517
9.22965
9.55059
9.31328
9.56184
9.57343
9.36763
9.2017
9.07104
9.14654
9.47059
9.24897
9.10335
9.04617
9.55658
9.43881
9.38677
9.37142
9.36081
9.39663
9.56728
9.16203
9.23606
9.43724
9.00934
9.08915
9.34785
9.59826
9.13523
9.19679
9.00312
9.21518
9.15274
9.10079
9.1663
9.09047
9.30293
9.4423
8.95251
8.53784
9.26681
9.4102
9.14923
9.58302
9.05091
8.94445
9.47685
9.1207
9.06244
9.58089
9.60975
9.17803
9.37065
8.99394
8.90166
9.37871
9.37758
9.19038
8.81439
9.39629
9.52392
9.11932
9.33992
9.1789
9.30303
9.05872
9.11037
9.23155
9.33053
8.82831
9.09652
8.81505
8.79695
9.34731
9.46528
9.25834
8.89732
8.97461
8.60918
8.9889
8.94273
9.09226
9.09268
8.74859
9.00487
8.97599
9.27242
8.94034
8.97709
9.16516
9.07574
8.94041
8.74719
8.66006
8.8699
9.01049
8.86929
9.19518
9.27993
8.83251
8.80951
9.02263
9.04523
8.8659
8.92302
8.86485
8.69156
8.93801
9.46318
9.06287
9.07762
9.1384
8.94223
9.35111
8.84743
8.78196
9.11853
9.03898
9.14631
8.98303
9.14687
9.17345
9.17159
9.28093
8.80294
9.43412
8.98513
9.18587
9.17753
9.13166
8.92856
9.43787
8.8345
9.27501
9.52161
9.3571
9.12014
9.33938
9.03276
9.05522
9.27275
9.19126
9.46321
9.1215
8.83508
9.19175
9.20906
9.32494
9.33142
9.2994
9.30705
8.91624
9.20358
9.46641
8.66014
9.07882
9.11058
8.79661
9.07323
9.25008
9.0991
9.24471
8.80922
9.0285
9.32691
9.14943
9.02967
9.05486
8.87967
9.20846
8.91766
9.06745
8.8293
8.96986
8.76627
9.06885
9.06082
8.9976
9.14494
8.8201
8.97995
8.62765
9.02762
9.27789
8.90013
9.20408
8.91972
8.83993
8.79313
9.08099
9.07926
9.07186
9.07302
9.09558
8.94769
8.98369
8.851
8.81242
8.81201
8.69553
9.0826
8.85404
9.29819
9.09301
8.8685
9.16895
8.87779
8.67122
9.20794
9.02639
8.92306
9.07317
9.36505
9.05844
9.27018
8.65119
8.68037
8.66
9.1037
8.98853
8.78041
9.49882
8.89169
8.91118
9.17551
8.60375
9.1307
8.95755
9.26654
9.03335
9.23698
8.81873
8.82881
8.98878
9.16696
9.19007
9.36754
8.90369
9.26695
8.77364
9.14571
8.97073
9.23989
9.21842
8.85202
9.07465
8.91315
8.59123
9.41249
9.29501
9.34386
8.76279
9.08478
8.94694
8.71721
8.9635
9.03133
8.87053
8.92503
8.72655
9.06164
9.08477
9.05547
9.06434
8.74769
9.14412
9.17408
8.89067
8.96315
8.86032
9.19444
9.26305
9.66249
9.2075
9.09597
8.6099
8.87677
8.69421
9.22677
9.02655
8.87482
9.03227
9.19237
8.86646
9.06336
9.15942
9.13324
9.17682
8.50271
8.6267
8.8017
8.93805
8.87203
9.25526
9.18067
9.0674
9.02784
9.18844
9.21693
9.07255
8.75997
9.40268
9.17947
8.90696
8.93091
9.04297
8.93898
8.83363
8.57788
9.03106
8.93199
9.11856
9.27918
9.19824
8.96341
9.3445
8.99529
9.02126
8.85434
8.77573
9.19877
8.7096
9.44552
9.11638
8.88752
8.92436
9.32004
9.28654
9.34561
8.82507
8.91176
9.07186
9.04394
8.91899
9.24859
9.20136
9.0938
8.90731
9.04032
9.364
8.80422
9.15001
9.08492
8.97158
9.3173
8.83621
8.84198
8.90867
9.118
8.94437
9.28387
8.95218
8.84735
9.62407
9.02564
9.04979
9.02321
8.83323
8.85613
9.03566
9.12866
8.7663
9.35703
9.10812
9.20821
9.05787
8.96057
9.34155
9.08759
8.71707
8.83134
8.9698
8.8539
9.11797
9.29872
9.28758
8.85388
9.05839
9.20943
9.19653
9.27919
9.30536
9.02622
9.21111
9.38708
8.92971
8.85125
8.84082
9.18887
9.04854
9.10666
9.40025
9.72052
8.83724
9.50004
8.89292
9.20291
9.26165
8.99233
9.32604
8.59426
9.07339
9.21609
8.88338
8.49659
9.01434
9.34716
9.19206
8.96772
8.86396
9.03534
9.22189
9.00557
9.20684
9.2669
9.10236
8.97977
9.0461
9.07201
9.19895
9.23496
8.89147
9.18963
9.30159
9.08295
9.29154
9.39918
8.92218
9.2523
8.91344
9.42255
9.1336
9.03574
8.73913
9.45586
9.49825
9.30124
9.56272
8.96186
9.39894
9.32237
9.37584
9.10019
9.14773
9.19612
9.27108
8.51161
9.04725
9.13126
8.86228
9.51238
9.19111
9.37274
9.10202
8.84062
9.09439
8.855
8.7799
9.18208
9.42643
8.78099
8.97011
8.86436
9.02449
8.51897
9.32268
8.91784
9.41891
8.86664
8.47865
8.73454
9.13533
8.97531
8.52114
8.8431
8.91684
9.06563
9.31247
8.89817
9.03319
9.21894
9.06404
8.93908
9.18899
8.99234
9.24513
9.02646
8.80877
8.86384
9.09855
9.31882
9.49548
8.9644
9.08307
9.65828
8.95424
9.08734
9.16595
8.61879
9.20407
8.90405
9.10546
8.98938
9.18266
9.0306
9.11956
8.8929
9.16626
9.33367
9.50992
9.17875
8.98914
9.07708
9.0865
9.32343
9.22507
9.39478
9.02462
9.09405
8.97133
8.96827
9.38815
9.03242
8.85537
9.3406
9.73618
9.07165
8.77286
9.03042
8.96902
9.05945
8.9921
9.02837
9.25044
8.74249
9.24733
9.04537
9.45868
8.8479
9.10327
8.92881
9.01006
9.29968
9.09891
9.1845
8.99355
8.93963
8.78768
9.20856
8.57131
8.93097
8.98315
8.74504
9.34935
8.92893
8.50394
9.01526
8.65701
8.84312
9.18508
9.07046
9.25873
8.55305
9.90162
9.3272
9.25288
9.1911
9.19337
9.52675
8.81679
9.46758
9.50446
9.29556
9.09866
9.5089
9.28956
9.49272
9.16506
9.57557
9.60356
9.26383
9.31132
9.41361
9.21305
9.20544
9.25667
9.24054
9.63145
9.05017
9.28227
9.38585
9.34979
9.28197
9.10668
9.23285
9.08039
9.348
9.39607
9.09039
9.05086
9.06863
9.12336
9.09096
8.78019
9.11581
9.33152
8.97308
9.12417
9.48578
9.39171
8.47371
9.02184
9.14106
8.85339
9.29118
8.92791
8.89824
9.24084
8.97705
9.15943
8.90267
8.76344
8.674
9.02305
9.08198
8.72506
9.58041
8.88551
9.09231
8.88687
8.66858
9.06685
8.80902
9.12524
9.20889
9.30144
9.28312
9.34421
9.02075
9.07776
8.83529
8.74428
9.22212
9.01589
9.00714
8.81346
9.2576
9.54602
8.91562
9.28228
8.98706
8.99258
9.23391
8.93551
8.73147
9.26208
9.19128
9.05396
9.32832
9.30396
9.15812
9.69304
9.01945
9.20164
9.18678
9.29796
9.3719
9.34574
9.4825
8.88605
9.03839
9.09311
9.36041
9.31015
9.28993
9.12904
9.11674
9.3173
9.21412
9.04672
9.62248
9.54581
9.36591
9.17288
9.05923
9.15739
9.27487
9.12493
9.45046
9.38198
9.56667
9.06868
9.1012
9.29916
9.18284
9.03959
9.32276
9.05551
8.90703
9.35279
9.07073
9.09455
9.23947
9.03016
8.74649
9.36574
9.13673
9.0801
9.13923
9.19756
9.00734
8.65584
9.02857
8.88714
8.50863
9.19244
9.13592
8.98212
9.04079
8.96791
9.69222
9.32579
8.68172
8.84261
8.98769
9.07008
9.3272
9.14587
9.03889
9.32556
8.65189
8.86814
9.33766
8.79893
8.73895
8.86074
9.08557
9.17449
9.08572
8.61909
8.91669
8.82739
9.20144
9.11448
8.71079
9.37613
8.3788
8.85025
9.06445
9.00075
9.50491
9.31935
8.90364
8.46587
9.1773
9.33747
9.41408
8.90789
8.87219
9.02821
9.2463
8.71731
9.09488
8.90855
9.6044
9.1591
8.9972
9.1687
9.57952
9.08217
9.17753
9.1269
8.98339
9.47275
9.13569
8.85378
9.19646
9.21809
8.8343
8.87832
9.29422
9.00018
9.02095
8.96723
9.21796
9.00109
8.80582
8.95315
8.78534
8.65328
8.75762
8.87599
9.03482
8.88522
8.50944
9.30842
8.91766
9.10052
8.5536
8.94862
9.38344
9.2041
8.75392
9.32503
9.255
9.16586
8.85544
9.39065
9.26819
8.39418
9.21731
9.50292
9.07425
9.1436
9.39862
9.15773
8.68821
9.11515
8.93879
8.95827
8.74338
9.46703
8.95738
9.10805
9.01242
8.55238
9.29173
9.00441
8.89954
9.47844
9.36941
9.37031
9.15003
9.07142
9.08391
9.18844
8.83703
9.04041
9.08981
9.08902
9.14121
8.92467
9.23303
9.36684
9.45045
9.32745
9.05384
8.8507
9.0758
8.9708
9.17075
9.23114
8.90737
9.02021
9.33291
9.40844
9.41479
9.20838
9.2314
9.49484
9.04968
8.86604
8.86465
9.30177
9.14653
8.72153
9.28819
9.01402
9.09384
9.17893
8.7487
9.33119
9.22415
8.77746
9.12398
9.30175
9.00867
8.81581
9.10342
9.08713
9.45931
8.87281
8.97925
8.81869
9.20926
9.46953
9.1534
9.10642
9.06394
9.25676
9.06368
9.44492
9.16689
8.97988
8.9305
9.20889
8.9942
8.8139
9.09359
9.06556
9.12439
9.33995
9.14315
9.47574
9.13825
9.2317
9.21753
8.9992
9.00373
9.11609
8.95064
9.35534
9.42572
9.33294
9.35519
8.95481
9.23384
9.39901
8.82296
9.47504
9.35698
9.13721
8.69917
9.12275
9.14471
8.92426
8.88093
9.24776
9.01052
9.0546
9.11197
8.96969
9.01498
8.93632
8.83158
8.78157
9.33926
9.09533
9.26639
9.04384
8.46181
9.06274
8.87193
8.97116
8.94264
9.18771
8.91904
9.24811
8.98521
8.91332
8.9053
9.36572
9.16833
9.35292
8.95598
9.29196
9.23975
8.63456
9.2074
8.89106
9.11707
9.37486
9.30468
9.41075
9.20982
9.19287
9.15006
9.19249
8.85987
9.40356
8.93097
8.90132
9.3422
9.25899
8.88476
9.14774
8.79832
9.09954
8.83623
8.94402
9.15772
9.09571
8.89395
8.89903
8.89207
9.00562
9.07725
9.16002
9.04969
8.82387
9.3864
9.08487
8.89587
9.15491
9.18598
9.22524
9.07092
8.99907
9.42463
9.15499
9.28822
9.31158
9.1154
9.01742
9.21725
8.96478
9.01081
9.35428
8.78314
9.19609
9.13754
8.98745
9.33306
8.7468
8.99923
9.06331
9.20196
8.86263
9.23598
8.76864
8.90566
9.16917
9.11142
9.34309
8.98617
9.32949
9.06865
8.86369
9.22724
8.88387
9.01753
8.73867
9.05214
9.38696
9.16424
8.78193
8.86912
8.99891
9.18962
9.38739
9.01357
9.18429
9.02896
9.11318
8.92904
8.94964
9.1742
8.98324
8.72395
8.87393
9.30721
8.87304
8.9565
8.92049
8.76571
9.26468
8.89697
9.13147
8.71853
9.1116
8.98889
8.70071
8.90084
9.21805
9.28479
9.24561
9.11571
9.05611
9.53518
8.83095
9.14933
9.05489
9.04984
9.23426
9.17375
8.67334
9.24207
8.99607
8.93792
9.3638
9.2294
9.23742
9.20153
8.98892
9.10207
9.06864
8.80278
8.7158
9.60543
9.08364
8.99879
9.05141
9.06865
9.29353
9.05658
8.79046
9.16467
9.16885
8.58388
9.44069
9.20316
8.87703
9.11629
8.76119
9.14442
8.9528
9.26914
9.01274
8.80465
9.2941
9.11864
8.97607
8.88587
9.12271
9.02717
8.84912
9.00662
8.69527
8.96891
9.09371
8.83347
8.7134
9.11821
9.55904
8.98171
9.26513
8.97275
9.584
8.72958
9.26482
9.28674
8.84654
9.12464
9.07094
9.07726
8.91962
8.77779
8.80882
8.88291
8.84842
9.2929
9.00452
8.82463
8.68868
9.2616
9.06624
8.91076
9.27304
8.88987
8.87744
8.53593
9.21172
8.81014
8.9035
9.59255
9.4381