28.5684
28.4094
28.9133
28.6877
28.7828
28.6205
29.1331
28.8138
28.8861
28.92
28.4791
28.9173
28.9121
28.99
28.5565
28.753
29.0664
28.3025
28.6298
29.2396
28.5964
29.0419
29.015
28.9373
28.9714
28.742
28.6752
28.5584
28.4603
28.6753
28.981
29.0455
28.6944
28.9941
28.4748
28.6363
29.2031
29.4733
28.6943
28.588
29.1652
29.004
28.6513
28.3086
28.91
29.028
28.953
29.2465
28.7949
28.9734
28.8115
28.9663
28.7922
28.5567
28.7016
28.904
29.1813
28.8513
28.8879
29.2354
28.759
28.3212
29.0383
28.8892
28.3754
28.8804
28.5689
29.1689
29.1713
28.8211
28.3565
28.5289
28.7168
28.6127
28.5849
28.3962
28.5735
28.937
28.9874
28.7017
29.1769
29.1146
28.3976
28.6235
28.8315
28.7571
28.4432
28.2495
28.7413
28.6223
29.0132
28.8161
28.8834
28.4587
28.9873
29.2411
29.1726
28.9451
28.8248
28.3326
28.346
28.5076
28.2506
29.0505
28.6047
28.6206
28.277
27.8692
28.4231
28.5506
28.6552
28.416
28.6837
28.7016
28.2707
28.6511
28.3871
28.9851
28.4616
28.3556
28.6195
28.3183
28.9863
28.7695
28.2638
28.1925
28.1575
28.1959
28.6172
28.5733
28.5311
28.5752
28.5718
28.2828
28.7731
28.6714
28.3733
28.7677
28.769
28.3774
28.4607
28.2418
28.6459
28.6145
28.5831
28.738
28.5821
28.4166
28.6939
28.3162
28.8424
28.7715
28.6187
28.3822
28.7229
28.8039
28.4435
28.6908
28.3229
28.5625
28.4729
28.1163
28.6022
28.911
28.8309
28.5823
28.7053
28.2453
28.3036
28.4085
28.3627
28.6908
28.5013
28.4813
28.7358
28.7071
28.5919
28.7703
28.6908
28.3254
28.9296
28.722
28.5607
28.8258
28.6382
28.4436
28.6991
28.173
28.7439
28.9163
28.7928
28.8105
28.681
28.5139
28.5436
29.0598
28.69
29.0389
28.8858
28.7751
29.128
29.1483
29.2185
28.5785
28.865
28.671
29.0332
29.0019
28.2933
28.6266
28.8333
28.6907
28.5573
28.1699
29.2608
28.8638
28.9273
29.1014
28.7113
28.7934
28.867
29.1082
28.7632
28.655
28.6051
28.9026
29.1868
28.9128
29.1312
28.8576
28.3027
29.3244
28.9734
28.667
28.7296
28.6958
29.068
28.4566
28.9752
28.708
28.6049
28.726
29.1225
28.877
28.7498
28.7715
28.6562
29.3205
28.9852
28.9977
28.5048
29.0455
28.8948
28.9474
28.9145
28.3671
28.778
29.065
28.9856
28.5715
29.0703
29.0128
28.9167
28.7724
28.554
28.8606
28.6619
28.8324
28.6196
28.7158
28.4695
28.3329
28.554
28.7497
28.8092
28.9711
29.0283
28.6233
28.58
28.5731
28.7459
28.7758
28.6283
28.5556
29.0291
28.2376
29.1656
28.9776
28.5906
28.5316
28.7765
29.1412
28.9512
28.7346
28.569
28.8544
28.4166
28.4305
29.0119
28.7252
28.9028
28.5594
28.9121
28.6403
29.0612
29.0272
28.6778
28.8912
29.0986
28.4344
29.1993
28.8595
28.8692
28.839
28.9609
28.6356
28.885
28.7988
28.4261
28.7051
28.9674
28.8565
29.1867
29.4621
28.9055
28.7817
28.7098
28.9479
29.0761
28.9427
28.2973
29.0291
29.0277
28.656
28.9149
28.8927
28.8277
29.0143
28.8781
28.4209
28.9109
28.8437
28.6398
28.5527
28.9652
28.4865
28.649
29.1895
29.1789
29.0177
28.523
28.5894
28.6756
29.1516
29.0172
28.5485
29.1014
28.9615
28.6734
29.0071
29.1886
28.9778
28.5247
29.2159
28.7264
28.7645
28.6275
28.8591
28.6848
28.8597
28.6838
29.1476
28.9527
28.7996
29.1458
28.5628
28.7618
28.8728
28.6488
28.9577
28.5867
28.8738
28.8428
29.207
28.8785
28.8757
28.9066
28.8274
29.1362
28.9773
28.8751
29.0772
28.5799
28.8081
28.9248
28.3563
28.7936
28.6662
28.7779
29.2801
28.6606
28.7866
28.9761
28.8462
28.723
29.2147
28.2824
28.7853
28.9011
28.9205
28.7105
28.6972
28.7026
28.6082
29.0899
28.59
28.8362
29.0655
29.0722
28.89
28.7423
28.725
28.6792
28.6444
28.9291
28.6341
28.7606
28.7159
28.7388
29.133
28.6861
29.3572
28.7059
28.9788
28.8297
28.6244
28.8112
28.9116
29.0836
28.9292
28.7318
28.5223
29.0031
28.6693
28.6441
29.0231
28.7066
28.8309
28.8515
28.8849
28.2898
28.8824
28.8278
28.7685
28.9676
29.3018
28.5388
28.9369
29.1039
28.8203
28.6668
28.707
28.7626
28.4806
28.5842
29.2024
28.6596
28.6217
29.1474
28.8919
28.782
28.7906
28.5716
28.4653
28.7922
28.7139
29.1379
28.9197
28.8159
28.8162
28.9563
28.7965
28.6038
28.6639
28.966
29.3147
28.99
29.2819
28.7896
28.8709
28.8224
29.3098
28.9301
28.8298
28.9432
29.0024
28.8121
29.196
28.6769
28.7901
28.6128
28.8942
28.7032
28.875
29.6731
29.0226
28.703
28.7279
28.6199
28.8785
28.3674
29.2392
28.7678
29.1647
28.8636
29.1681
29.2351
28.8535
29.2417
28.6477
28.5737
28.6
28.7103
28.8728
29.2862
28.6804
29.0715
29.0685
28.6215
28.7271
28.8051
28.7321
28.584
28.7944
29.0775
28.6005
28.9842
29.1849
28.7043
29.0823
29.0322
28.3948
28.8836
29.2362
29.088
29.3412
28.5889
28.7507
29.1023
29.0299
28.4966
28.6405
28.6844
28.9203
28.9964
28.5889
29.0688
28.5203
28.4419
28.7175
28.5982
28.7921
28.7247
28.87
28.6351
28.5499
28.8669
28.7972
29.1213
28.733
28.9035
28.9742
28.8006
28.726
28.8831
28.8466
28.767
28.9247
28.6534
29.0109
28.9099
29.2878
28.8075
28.686
29.1087
28.8569
29.0674
28.8572
28.9728
28.6852
28.5207
28.4582
29.3087
29.0086
28.9751
28.8216
28.9219
28.9539
28.9579
28.7869
28.4671
28.3045
29.0546
28.6308
28.6576
29.1037
29.0071
28.8586
28.7097
29.0102
28.4904
29.1998
28.9673
28.8557
29.0285
29.1811
28.9484
29.1096
28.6968
29.0782
29.1049
29.0347
28.8907
28.8237
28.5003
29.1487
28.6803
28.6006
28.936
28.8609
28.8394
28.8663
29.0822
28.8427
28.8632
28.9519
29.1499
28.734
28.9085
28.9882
29.1083
28.9036
28.8021
28.8368
28.5848
28.9314
28.868
28.6069
28.8192
28.9197
28.589
29.1739
28.9265
28.6422
28.9795
29.0014
28.5978
29.2068
28.769
28.9873
28.4294
29.0168
28.683
29.1704
29.1727
28.9355
28.9209
29.0077
28.8791
28.9147
28.9055
29.1128
28.8168
28.9909
28.779
28.9638
29.0648
28.5284
28.9173
28.602
28.5969
29.1144
28.5856
28.6017
29.2097
28.5502
28.4607
29.1684
29.008
28.9284
28.8186
28.501
28.8006
28.7871
28.3262
28.6797
28.912
29.2021
28.8394
29.256
28.568
28.7533
29.0685
29.0267
28.4463
29.012
28.9511
28.6304
28.7728
29.0206
28.9001
28.3259
28.8632
29.3597
28.8568
28.7429
29.0295
28.5831
28.9564
28.3131
28.9079
28.5378
28.8626
28.874
29.1471
29.0336
29.1065
28.7361
29.3825
28.9534
29.2579
29.2292
29.1261
28.7552
28.4019
28.6451
28.637
29.2045
28.6151
28.4274
28.5016
28.6949
28.9434
28.9821
28.9049
28.6147
29.1601
28.9576
29.6166
28.6159
28.802
29.1409
29.1222
28.7265
28.3042
28.8312
29.0409
28.5629
29.0325
28.8756
28.8294
28.7957
28.6869
28.7842
28.7881
28.7803
28.8635
29.0669
28.881
29.2057
28.7936
29.1192
29.1476
28.8758
28.6951
29.2893
28.796
28.9957
28.8131
29.3432
28.9699
28.7699
29.2946
28.538
28.6213
28.9341
29.229
29.5468
28.8291
29.2004
29.2602
29.1909
29.197
29.2612
28.99
28.8071
28.932
29.4077
28.9853
29.2801
28.9284
29.0095
29.309
29.0313
29.2503
28.7105
29.2766
29.0744
28.6415
29.0226
28.9271
28.9734
28.9458
29.2106
29.0055
28.9164
28.8677
29.2211
29.1583
28.958
28.5051
29.7017
29.5646
29.3998
28.7571
28.8935
29.3552
28.4375
28.8843
29.0928
28.6876
28.7091
28.6598
28.8146
29.6206
28.8891
28.8479
29.4113
29.6823
29.2293
29.038
29.0046
28.4535
28.7843
29.3359
28.754
28.8656
28.9221
29.0083
29.0135
29.1469
28.7158
28.9482
29.1837
28.4844
28.5429
28.7788
29.2626
28.707
28.9374
28.8324
28.9038
28.9866
28.853
28.6436
29.065
28.4503
28.662
28.7902
28.9012
28.6266
29.0485
29.0921
28.9875
28.8192
28.9041
28.5738
28.7021
28.7584
28.7577
28.9735
28.6355
29.0611
29.0922
28.7669
28.9222
28.9942
28.6513
28.6907
29.005
28.5942
28.8495
28.953
29.0361
28.7595
28.8815
29.021
28.9653
29.0608
28.5612
28.7421
28.3349
28.6576
28.8087
28.5673
28.6138
28.4717
28.7752
29.2483
28.8498
28.3893
28.6342
28.9069
28.4051
29.1785
29.2514
28.8477
29.0609
28.8284
28.8036
28.756
28.5255
28.8274
28.5167
28.9066
28.9502
28.6861
28.8294
28.8641
28.4834
29.2275
28.7911
28.7169
28.5802
28.8368
28.8242
28.7623
28.8896
28.7973
28.9221
29.0646
29.0152
28.9776
28.7551
28.8596
28.7188
28.7621
29.0408
28.7453
28.4955
28.8312
29.0369
28.7334
28.6499
28.9316
28.6865
28.6655
28.8094
28.6597
28.8451
28.7683
28.8373
28.2777
28.6973
28.5143
28.5064
28.9679
29.2797
28.7542
28.8493
28.5986
28.5411
29.0885
28.7962
28.8362
28.7684
28.95
28.9287
28.7889
28.9489
28.7938
29.1067
29.0584
28.9399
28.7979
28.8663
28.684
29.2451
28.7621
28.5515
28.7139
28.6728
29.0499
28.7906
28.8292
28.3904
28.6983
29.1932
28.8998
28.6453
28.8855
28.8428
28.9926
29.1508
28.792
28.8652
28.5617
29.107
28.7307
28.8733
28.4959
28.4283
28.6269
28.7515
28.7839
28.6573
28.7451
28.7253
28.7534
28.8049
29.1128
28.7465
28.7054
28.4846
28.4469
28.5267
29.0565
29.0737
28.413
28.6114
28.9284
28.4661
28.9949
29.1084
28.9464
28.6229
28.801
28.7849
28.573
28.6167
28.3296
28.737
28.9033
28.9614
28.676
28.8857
28.7669
29.2783
28.9961
28.8221
28.6434
28.3328
28.3565
28.8033
28.9594
28.8887
28.9006
28.7541
29.0105
28.9439
28.9265
28.5274
28.6359
28.6842
28.4456
28.1225
29.0145
29.1272
28.4725
28.8165
28.857
28.8634
28.6816
28.81
28.5449
28.7459
28.8321
28.6975
28.418
28.7515
28.5486
28.6014
28.828
28.3033
28.6286
28.5441
28.9393
28.5452
28.4591
28.4374
28.7776
28.9425
28.7373
28.9618
28.5687
29.0217
28.6968
28.8635
28.5233
28.7499
28.577
28.8877
28.8175
28.6704
28.8659
28.9545
29.062
29.2096
28.7283
28.8046
28.6684
28.8042
28.0169
28.4259
28.9864
28.6833
28.7734
29.0096
28.8541
28.4623
28.6279
28.9559
28.535
28.8323
28.868
28.8592
28.9957
28.9102
28.7467
28.9944
28.2529
28.656
29.0122
28.8054
29.1012
28.7265
29.1084
29.0168
28.9575
28.6278
29.0548
28.8179
28.7914
29.0554
28.5002
29.078
28.8966
28.4202
28.3795
28.7884
29.0315
28.922
29.0529
29.2665
28.7541
28.7561
28.8609
29.1833
28.8217
29.0793
28.6076
28.9894
29.0237
29.3786
28.9462
28.6708
29.0787
28.8273
28.7627
29.2343
28.55
28.6551
28.6639
29.0166
28.8715
29.1849
29.0266
28.9861
28.7652
29.0398
28.441
28.671
28.9273
28.8424
28.7908
28.5225
28.606
29.0982
28.4095
28.684
28.8584
28.9834
28.7666
29.3631
28.7929
28.7265
28.9743
28.5455
28.7332
29.0258
28.9083
28.9567
28.9501
29.1022
29.1557
28.8189
28.6397
29.1302
28.676
29.0772
28.478
29.1252
28.5251
28.5479
28.749
29.303
28.0334
29.1213
28.7011
28.5901
28.8266
28.7423
28.9249
28.5697
28.5743
28.5971
28.4175
28.947
28.7294
28.8553
28.8286
28.9092
28.9714
29.0511
28.9475
28.6141
28.7706
28.4461
28.8071
28.793
28.6868
28.5286
28.9972
28.9502
28.5547
29.2247
28.7314
28.9691
28.6376
28.7535
28.8233
28.6482
28.6287
28.8925
28.4593
29.151
28.4646
29.0499
28.7918
28.8406
28.8303
28.5081
28.7546
28.7452
28.8387
28.4246
28.8062
28.873
28.96
28.3008
28.7407
28.6845
28.5029
28.808
28.7942
28.1643
29.0703
28.3802
28.6842
28.631
28.6795
28.7068
28.9478
28.5419
28.8874
28.6612
28.7359
28.9042
28.8087
28.3745
28.6572
28.4318
28.4913
28.4422
28.8529
28.8097
28.7601
28.5508
29.0195
28.9108
29.0925
28.4064
28.5677
29.1311
28.1649
29.1986
29.0484
29.2194
29.0483
28.6812
29.0412
29.0068
28.5641
28.7055
28.9811
28.8913
28.9681
29.0316
28.9321
28.7138
28.6229
28.8877
28.6417
28.7114
28.7749
29.2075
28.7125
28.7972
29.2164
28.606
29.0582
28.8093
28.5716
29.1404
29.2623
28.644
28.7255
28.9254
28.8489
28.8942
28.8649
28.6624
28.9066
28.6541
28.7724
28.971
28.9165
28.9968
29.0242
29.0209
29.153
28.8371
28.2245
28.8002
28.7298
28.8099
28.7577
28.7716
28.7008
28.5576
28.8219
28.6638
28.7845
29.0258
28.8738
28.9871
28.9888
29.0922
28.7378
28.8387
28.9072
29.1833
28.9764
28.802
28.6689
29.0728
29.1053
29.0349
28.6554
28.6701
28.8168
29.117
28.7322
28.6716
28.8576
28.6612
28.8936
29.0218
28.5011
28.9896
28.6756
29.0479
28.8837
28.7804
28.4902
28.9116
28.7907
28.7666
28.8459
28.7381
28.6864
28.6104
28.7704
28.8596
28.8478
28.5602
29.2638
28.4652
29.2348
28.8306
29.0415
28.646
28.8544
28.5175
28.9038
28.4899
28.8356
28.8975
28.9297
28.6843
28.7852
28.7556
28.8986
28.6972
28.7992
28.3373
29.2168
28.5944
28.4604
28.874
29.0445
29.0392
28.768
28.9869
28.5766
28.4235
28.8624
28.6002
28.5641
29.1136
28.5716
29.0921
28.8402
28.5746
28.5264
28.512
28.9744
28.6512
28.5766
28.6846
29.1109
28.6596
28.7082
28.6454
28.7231
28.5438
28.9397
28.7036
29.0659
28.8707
28.7333
28.6342
28.4856
28.7216
28.739
28.8493
28.7811
29.1972
28.8035
28.7807
28.807
28.7171
29.0787
28.8726
28.763
28.5971
28.5843
28.6961
28.9905
28.9882
29.1074
28.8934
29.0396
28.7715
29.0547
29.0771
28.8127
28.6956
28.8091
29.1058
29.2144
28.9876
28.6836
28.8187
29.0713
28.9046
28.9753
28.7947
28.8555
29.0911
29.1269
29.3058
28.5871
28.43
28.5928
28.7264
28.5884
28.7941
29.0187
29.0633
29.0121
29.0824
28.887
29.0965
28.9755
29.4712
29.1516
29.0255
28.6845
28.8169
29.0938
28.7412
29.0343
28.4509
28.9816
28.8924
29.06
28.9418
28.6586
28.8653
29.1518
29.0401
28.5454
28.8197
28.717
28.7844
28.9878
28.6657
28.704
28.7688
28.6152
28.8027
28.938
29.2351
28.5983
28.9273
28.9356
29.0291
28.9209
29.0675
28.9314
28.7655
28.9635
29.1241
29.0584
28.7753
28.8863
29.0443
28.6204
28.6623
28.5863
28.8724
28.8657
28.3362
28.8668
28.8413
28.9078
29.0922
29.0952
28.8011
28.9924
29.0049
28.6485
29.1763
28.9998
29.1557
29.1071
29.0235
29.0544
29.1363
28.4584
28.9613
29.0633
28.9979
28.847
28.5894
28.7254
28.9802
28.497
29.1568
28.5805
28.9046
28.7727
28.7557
28.8763
28.9633
29.0227
29.0524
28.9862
28.9403
28.8861
28.8659
28.712
28.9247
28.6217
28.7149
29.0139
28.7134
28.3556
28.5128
29.0937
29.064
28.9841
28.1983
28.8314
28.692
28.9111
28.5981
28.6189
29.2133
28.7829
29.0146
28.7483
29.1239
28.9799
28.9124
28.6191
28.9543
29.0752
28.4212
28.9732
28.5306
28.5049
28.7245
28.5402
29.0166
28.4194
28.7869
29.006
28.7398
28.9058
28.9534
29.1513
28.6917
28.6609
28.8304
28.8027
28.8232
28.8128
28.8189
28.0334
29.171
28.9989
28.728
28.7477
28.9099
28.6317
29.097
28.9779
28.7603
28.9296
28.8944
28.8639
29.3392
28.5856
28.8988
28.5871
28.9671
29.0138
28.8321
29.1279
28.5151
28.8444
29.1514
28.8205
29.0071
28.4883
29.1562
28.9632
28.9632
29.1177
28.7197
29.0472
28.9834
28.6458
28.675
28.4851
28.8237
28.5765
28.8465
28.8547
28.8151
29.1069
28.6049
28.7176
28.9016
28.6892
28.9454
28.2431
28.8035
28.7545
28.9037
28.8866
28.7011
28.6251
29.1565
28.7082
28.6083
28.7982
28.8352
28.6148
28.6483
28.7173
28.8957
28.6435
28.6909
28.6828
28.851
28.6482
28.8179
28.2758
28.5379
29.1601
28.9149
28.4619
29.2585
28.5567
28.9956
28.8488
28.8259
28.7799
28.578
29.1028
28.333
28.7818
28.7368
29.0223
28.5908
28.9225
28.526
28.8954
28.8765
28.6885
28.614
28.8621
28.7718
28.8268
28.7551
28.842
28.3095
28.5116
28.4763
28.3976
28.8837
28.7683
28.9977
29.1175
29.0865
29.046
28.9506
28.7256
29.1215
28.5622
28.8843
28.758
28.4766
28.9641
28.5917
28.3569
28.645
28.3553
28.6693
28.8681
28.7062
28.7932
28.5456
28.6639
28.7774
28.7882
28.7688
28.7486
28.7629
28.7229
28.9738
28.857
28.6729
28.439
28.7035
28.4874
29.0559
29.2214
29.103
29.1778
29.2441
29.2694
29.0891
29.0834
28.6897
29.388
29.3499
29.0952
28.9504
29.2109
29.1955
29.0956
28.9297
29.2018
29.1698
28.8512
28.8684
28.8498
28.9062
28.9613
29.196
29.4829
29.1172
29.5721
29.3854
29.1246
29.3844
28.8479
29.2005
29.3507
28.9167
29.1087
29.0711
28.9706
28.9733
28.9914
28.9082
28.9658
29.3121
29.1949
28.8035
29.0684
29.3294
28.84
29.5177
28.8005
28.8514
28.795
28.8992
28.7945
29.2599
29.2861
29.0261
29.0243
29.0666
29.0601
28.9431
28.8637
28.7863
29.0506
29.2166
29.164
28.918
29.0755
28.922
29.289
28.9499
29.1512
29.7105
28.9134
29.3718
29.2916
29.0465
28.8992
29.0396
29.0689
28.484
29.0582
28.5801
28.8769
28.6461
28.5042
28.4008
28.649
28.4987
28.7107
28.8677
28.9752
28.7398
28.8146
28.7408
29.0168
28.7403
28.1715
28.7311
28.3406
28.7894
28.8799
28.5697
28.6683
28.622
28.6734
28.9038
28.7462
28.808
28.6711
28.9927
28.7282
28.8009
28.4719
28.6887
28.9245
28.6987
28.7366
28.6515
28.3489
28.517
28.8231
28.9368
28.9306
28.7414
29.1223
28.8804
29.1404
29.2244
28.7883
28.6008
28.3273
28.6347
28.28
28.6319
28.7192
27.9253
28.6969
28.5856
28.4879
28.9201
28.7811
28.9252
28.5509
28.9637
28.7412
28.4739
28.8513
28.5738
28.9887
28.4287
28.9055
28.8509
28.523
28.5393
28.6666
29.2612
28.9136
28.6609
28.8819
29.2958
28.8155
28.8144
29.0848
28.6668
28.6268
28.695
29.2766
28.8957
28.9454
29.2288
28.6542
28.8679
29.1501
28.9213
28.9926
29.0819
28.9891
28.6396
29.0874
29.062
29.4055
28.5898
28.8205
28.6381
28.9844
28.9067
28.878
29.1179
28.9038
28.9726
28.4815
28.8047
29.0237
29.072
29.0119
28.9442
28.8907
28.7945
28.664
28.8051
28.7175
28.8348
28.8548
28.877
29.0623
28.8802
28.6533
28.8369
28.8102
28.9283
28.6834
28.3845
28.655
29.0109
28.6831
28.5305
28.8827
28.8354
28.9825
28.639
28.665
28.708
28.8319
29.0699
29.1481
28.8547
28.6582
28.7116
28.8578
29.2792
28.7987
28.6802
28.6614
28.8176
28.6083
29.134
28.9914
28.894
28.6869
28.7552
28.7793
28.9627
29.4519
28.974
29.0035
29.1261
28.6085
29.4419
28.8528
28.8617
28.7828
29.1534
28.9184
29.0142
29.0025
29.0238
29.1152
28.855
29.0435
28.9522
28.8845
29.1153
29.1921
29.2086
28.7886
28.8424
28.7854
28.8244
29.0238
28.7236
28.7862
29.0626
28.6449
29.1093
29.0358
28.4939
29.0272
28.6718
29.0083
29.1859
29.2562
28.6906
28.4547
28.9841
28.8917
29.0607
28.7381
28.984
28.7429
29.0101
28.8341
28.6397
28.7328
28.885
28.9121
28.8333
29.0696
28.6027
28.9726
28.9795
28.6742
28.9133
29.119
28.5528
29.1697
28.8604
29.0195
28.7854
29.0145
29.0387
29.1702
28.9722
28.9356
28.3476
28.4317
28.8611
28.7953
28.9596
28.8217
28.9638
28.7065
28.8123
28.931
28.9717
28.7378
28.6612
28.8947
29.0358
28.3517
28.9126
29.0984
28.8009
29.1184
28.8642
28.4153
28.7213
28.9695
28.9249
29.1881
28.747
28.661
28.6095
28.9598
29.0274
28.772
28.7014
28.3274
28.8521
28.9388
28.7932
28.8776
28.3999
28.7096
28.662
28.7462
28.925
28.9135
28.3553
28.9136
28.6648
28.3253
28.4014
28.8278
28.4887
28.8602
28.179
28.7652
28.9713
28.8907
29.0139
28.6316
28.5795
28.897
28.9218
28.6082
28.9476
28.422
28.9082
28.8835
28.7819
28.9395
28.8595
28.7356
29.0156
28.8537
28.9615
29.0849
28.868
28.5601
28.6682
28.9095
28.8032
29.4883
29.0807
29.0544
28.9982
29.4071
29.413
29.4819
29.1912
28.6985
28.8342
28.9518
29.0574
29.2202
29.1991
29.2909
28.9512
28.9019
29.0524
28.9862
29.0006
28.8426
29.358
28.8332
28.6908
29.0226
28.9876
28.9357
28.6793
28.7241
29.1096
29.0788
29.0708
28.6493
29.1217
29.0201
28.8189
28.4241
28.6097
28.7512
28.5971
29.2303
28.4898
28.9798
28.8574
29.074
28.9204
28.751
28.9535
29.2658
29.0765
28.8994
29.2013
28.9773
29.0184
28.8801
28.6509
28.8357
29.0737
28.518
28.9219
29.0027
29.2065
28.6715
29.0069
28.6162
29.0966
29.0006
28.6262
28.703
28.5588
29.0091
28.6761
28.8582
29.0129
29.1584
28.8958
28.6692
28.8955
28.8854
28.7092
28.8707
28.6769
28.9888
28.5761
28.939
29.0065
28.7377
28.5498
28.8869
28.6187
28.5315
28.7437
28.8803
28.8738
29.153
28.3467
28.6407
29.0331
28.7464
29.1769
28.8121
28.6965
28.5688
28.9443
28.8634
29.0462
29.1522
29.154
28.7976
28.8459
28.5679
28.577
28.4949
29.1519
28.6821
28.7498
28.6575
28.6119
28.6643
28.7328
28.7038
28.7432
28.778
28.9558
29.0998
28.929
29.0995
29.0166
28.76
28.8236
28.5469
28.3991
28.9858
28.7953
28.2956
29.1322
28.348
28.4735
28.8985
28.5566
28.4887
28.8928
28.8719
29.0017
29.1094
28.9013
29.0182
28.9084
29.011
28.9483
28.9967
28.9864
28.598
28.757
29.1165
28.8447
29.0118
28.9856
28.8915
28.7878
28.9361
28.7881
28.9456
29.0947
28.9152
29.3521
28.98
29.044
28.3758
28.9332
28.807
29.083
28.9251
28.6798
29.1858
29.0536
28.823
29.2003
29.1621
28.8485
28.9164
28.84
29.1434
28.577
28.7057
29.0392
28.9534
29.0312
28.5488
28.8719
28.8765
28.8615
28.7469
28.7406
29.0918
29.0191
28.9005
29.0428
28.933
28.6212
28.9005
28.8546
28.7403
28.695
29.4727
29.0058
29.117
29.1646
29.329
28.9697
28.8302
29.0916
28.5194
28.9154
28.7625
28.9638
28.8739
28.7285
28.9898
28.8646
28.7241
28.4965
28.9051
28.6689
28.7236
28.8249
28.792
28.6367
29.0733
28.4196
28.7353
28.7278
28.5851
28.3877
28.1719
29.0171
28.9737
28.7297
28.8321
28.6573
28.4006
28.769
28.3515
28.4916
28.5251
28.5482
28.877
28.9103
28.9453
28.9396
29.1628
29.0092
29.016
28.8972
28.8202
28.6294
29.0646
28.6245
28.4498
28.7194
28.4226
28.1173
28.9658
28.6485
28.7132
28.95
28.7069
28.9108
28.6631
29.0592
28.451
28.5371
28.6863
28.8439
29.0287
28.7785
28.8
28.8525
28.8373
28.732
28.7185
28.5858
28.6914
28.7082
28.9943
28.8446
28.9945
28.5717
28.6389
28.4136
28.8016
28.9651
28.5101
28.5563
28.8134
28.7583
28.8153
28.5744
28.7382
28.6713
28.7532
28.6184
28.9557
28.6335
28.9215
28.9413
28.6356
28.4679
28.6979
28.7291
28.7366
28.892
28.6329
28.7357
28.3503
28.6811
28.9713
28.7078
28.9975
28.7083
28.9767
28.984
28.8541
28.445
28.8787
28.6419
28.7411
29.0454
28.2397
28.6842
28.8273
28.3309
28.3051
28.6105
28.8881
28.554
28.7853
28.581
28.4378
28.9036
28.916
28.8154
29.0912
28.5746
28.6509
28.7944
28.9587
28.6249
28.7522
28.7849
29.0621
28.7426
28.8083
29.0482
29.1817
28.7708
28.5564
28.9335
28.7234
28.6938
29.2004
28.5248
28.9596
28.8666
28.8807
28.8202
28.7112
28.7145
29.1243
28.601
28.8021
28.7572
29.1361
28.6752
28.6033
29.1058
28.7891
28.5406
29.0234
29.024
29.006
29.0225
28.5455
28.3179
28.9801
28.8659
29.2265
28.4473
28.9018
28.7906
29.2021
28.6918
28.7541
28.7458
28.8716
28.4843
28.6006
28.3604
28.9494
28.8387
28.6054
28.621
28.5753
28.6146
28.6814
28.7033
29.0596
28.758
29.3455
28.8465
28.8749
28.5277
28.4854
28.6126
28.8944
28.4086
28.8667
28.9699
28.9619
28.6415
28.6431
28.7108
28.8951
28.9802
29.0325
29.0154
28.9401
28.9174
28.6534
28.8134
28.844
29.4378
28.81
28.3484
29.1276
29.0155
29.3087
28.9013
29.0449
28.58
28.5251
28.7028
29.021
29.0578
28.8247
28.5107
28.6241
28.8207
28.8911
29.0918
28.7862
28.7004
28.8126
29.1721
28.8807
28.9706
28.8461
29.4087
29.2477
28.868
28.7164
28.3268
28.7173
29.1599
28.8491
29.1985
28.5713
28.7302
28.4382
28.782
28.6643
28.2645
28.5242
28.8736
28.7197
29.0895
28.8202
28.5378
28.4573
28.9492
29.1162
28.5105
28.7044
29.0791
28.8731
29.129
28.9586
28.6129
28.8915
28.6218
28.9731
29.1391
29.0994
28.928
29.4487
28.9915
28.8491
28.9016
29.1447
29.1765
28.7861
29.2981
29.3324
29.3166
29.1353
29.0557
29.0793
28.8854
28.975
28.9476
29.05
29.3559
28.6655
29.0772
29.0887
29.1876
28.7996
28.8867
28.8443
29.2399
29.2525
29.3492
28.7006
28.9339
29.3657
29.0715
29.1643
28.8388
28.8747
28.9299
28.568
28.8742
28.7084
28.6365
29.119
28.8421
28.8995
28.5399
29.0484
29.0488
29.0386
28.8196
29.1316
28.5599
29.0007
28.7009
28.9591
29.2175
29.3593
29.4165
28.9397
28.8056
29.1082
29.0703
28.5527
28.834
29.3625
29.1376
28.5978
29.032
29.1679
29.265
28.7782
29.0025
29.0568
28.6488
28.8612
28.7835
28.8601
29.1298
29.1642
29.2315
28.8563
28.8416
28.4281
29.3897
29.4415
28.9799
29.0814
28.8311
28.8253
29.1132
28.629
28.973
29.0867
29.0625
28.8626
29.3398
29.0368
29.1389
29.0172
29.1453
28.9861
29.2153
28.7411
28.669
28.6078
28.8444
28.6462
28.4752
28.6285
28.7708
29.1598
28.8698
28.9922
29.1247
29.2171
29.3645
29.1314
28.8383
28.5482
28.8841
29.0306
29.1507
29.0215
28.8529
29.3207
28.8624
28.914
29.3079
28.7942
28.9161
28.9047
29.155
28.9365
28.8641
28.9935
28.9551
28.8542
29.009
28.6706
28.7594
28.6804
29.0351
29.1018
29.0558
29.3274
28.9759
29.0164
29.2431
28.7481
28.5373
29.2557
28.9359
28.4606
28.9386
28.9326
29.0518
28.7463
28.582
28.6353
28.7631
28.9959
29.1193
28.851
29.0462
28.8032
28.9865
28.8961
28.8396
29.0328
29.3858
28.5356
28.6948
28.8116
29.0051
28.4186
28.7413
28.9497
28.817
29.156
28.8389
28.8162
29.0574
28.9781
28.9033
28.8169
29.1253
28.8443
29.2112
28.6341
29.1255
28.9778
28.9795
29.0841
28.7376
29.1298
28.6757
29.0638
28.8211
29.4807
28.6121
28.5901
28.8128
29.2499
28.9316
28.9795
28.8913
28.9999
29.0372
29.0097
29.1133
28.7946
28.5602
28.9026
28.7469
28.6994
28.9514
28.9984
29.1429
29.3074
28.899
29.0595
28.8451
28.4969
28.5231
28.8982
29.166
29.2762
28.9523
28.9009
28.8398
29.2166
28.8754
28.843
29.2494
28.5959
28.8926
28.8401
29.0999
28.6813
28.9784
28.8201
28.8011
29.2259
28.5492
29.3225
28.7062
28.8904
29.2437
28.5583
29.0084
28.7852
28.8103
29.4107
28.7945
29.0387
28.8935
28.6604
28.7635
29.2111
28.944
28.9551
28.9286
28.5346
28.4426
28.7788
28.7153
28.6781
28.9503
28.8951
28.6568
29.1834
29.2432
29.0368
28.7077
28.9326
28.6722
29.1467
28.8111
28.8274
28.8102
28.6057
29.2008
28.7086
28.7538
29.0547
28.7162
28.8618
28.9278
28.681
28.6856
29.4895
28.9938
29.1446
28.9352
28.6109
28.7518
28.7801
28.5878
28.6659
28.7095
28.8967
28.631
28.7793
28.4709
29.1081
28.9412
28.7269
29.1531
29.0924
29.2148
28.783
28.9456
28.8095
28.5228
28.8013
28.7081
28.7622
28.6362
28.6279
28.7246
28.8577
28.6454
29.2942
29.1203
28.767
29.0521
28.7626
29.1599
28.9155
29.125
28.8535
28.8395
28.9965
29.033
28.8429
28.5596
29.1777
28.7374
28.9345
29.0012
28.5512
28.6541
28.8674
29.1299
29.1408
29.0684
28.9606
28.9403
29.0617
29.3031
29.0616
28.2999
29.4252
28.9752
28.8841
29.146
28.9395
28.7303
28.6326
28.918
28.9344
28.445
28.9785
28.8445
28.8186
28.9019
28.7571
28.9862
28.8956
28.7432
28.4767
28.7966
29.2303
28.6041
28.9499
28.7388
29.2613
28.9338
29.0076
29.0462
28.9475
29.1857
28.7081
29.0563
28.8258
29.2833
28.8941
28.7018
29.3291
28.4461
28.8272
29.192
28.927
29.1379
29.1949
28.8095
28.9207
29.1069
29.1854
29.2362
29.0358
28.5195
28.6777
29.0269
29.1231
28.7878
29.012
28.4841
28.5903
28.9521
28.9837
28.7046
29.1879
29.1574
28.7954
29.1493
29.2465
28.7446
28.557
28.9192
28.7924
28.7948
28.5586
28.8035
28.8664
29.0018
28.8492
28.6012
29.2557
28.9323
28.9907
29.0489
29.0761
29.093
28.5672
28.8927
29.2186
28.913
28.9711
29.1971
29.0407
29.1273
29.0739
28.9715
28.9038
29.0439
28.5217
28.9063
28.9165
28.8221
29.1186
28.989
29.0262
29.1356
29.0133
28.9775
28.9959
28.8905
28.9216
29.0082
29.0128
28.922
29.0079
28.8049
28.7454
28.9753
29.0601
28.6977
28.716
28.9689
28.6901
28.867
29.0139
29.1377
29.3015
28.8559
29.2669
28.9449
28.5147
29.1904
28.8736
28.4383
28.4229
28.9876
29.0785
29.1074
28.6768
28.8595
29.0545
28.8456
29.1083
28.8281
29.0026
28.9931
28.585
28.7716
28.6598
28.602
28.8103
28.9791
28.5435
29.2893
28.6478
28.685
28.9649
29.2094
29.1219
28.631
28.5457
28.8722
28.7343
29.3676
29.1599
28.5337
28.7179
29.2421
28.9387
28.6619
28.9009
29.184
28.5061
29.0609
28.9053
28.6768
28.9885
28.5042
28.6331
28.6091
28.5
28.6602
28.3781
28.585
29.0072
29.0249
28.4198
28.5706
28.733
28.7286
28.6988
28.7096
28.7252
28.7615
28.6495
28.5798
28.7662
28.5635
28.6932
29.0268
28.7809
28.3825
28.6711
28.4843
28.6507
28.6087
29.0154
28.6218
28.5213
28.7369
28.5161
28.8495
29.0427
28.5861
28.3553
29.1147
28.8311
29.0641
29.2
28.6055
28.9727
28.9329
29.3222
28.7937
28.7283
28.8086
28.4492
28.998
28.7874
28.8622
28.4922
28.4769
28.4838
28.8968
28.8962
28.9367
28.793
28.8148
28.977
29.2355
28.9168
28.9463
28.8016
28.871
28.7384
28.6478
28.8512
28.5799
28.7458
28.9434
28.6851
28.8556
28.8102
28.6734
29.0853
28.627
28.7762
28.7291
29.4227
28.9622
28.7541
29.2509
28.4916
28.3465
28.3487
28.6234
28.6927
29.0697
29.1436
28.5017
28.8139
28.9148
28.517
28.8516
28.8328
28.8646
29.0718
29.0061
28.9837
29.3091
28.8077
28.8612
29.1031
29.0179
28.5096
29.137
29.0737
28.8852
29.1257
28.7007
28.6915
28.6677
28.7377
28.8044
29.1517
28.7837
28.885
28.4944
28.9241
28.6353
28.723
28.9781
29.218
29.2117
28.7668
28.7751
28.3133
28.8407
28.8555
28.9181
28.647
28.6748
28.7622
28.7722
29.2012
29.0851
29.0635
28.9702
28.4964
28.8324
28.9579
28.7183
28.6555
29.034
28.7902
28.9488
28.3428
28.5526
28.5677
28.7324
29.3224
29.1016
28.617
29.0149
29.3882
28.7805
28.7954
28.4972
28.8399
28.8863
29.12
29.1935
29.0689
28.6479
28.648
28.5599
28.7185
28.1801
28.9145
28.8737
28.4378
28.4093
28.7663
28.8165
28.6206
28.5914
28.9621
28.8044
28.8599
28.7364
28.6991
28.7479
28.7122
28.6206
28.2964
28.8004
28.5973
28.8982
28.7169
28.8412
28.4932
28.8032
28.9867
28.7511
28.4668
28.6342
28.3667
28.6791
28.6016
28.8488
29.2332
28.6144
28.593
28.9164
29.0096
28.9285
29.2156
28.3437
28.9994
29.1298
29.027
29.2972
29.0894
29.1035
28.9619
28.5692
29.2072
28.9639
28.8764
29.0201
28.6075
29.1834
29.4252
29.0848
28.7338
28.9247
29.1198
29.0668
28.8673
29.2799
28.7599
29.2993
29.1857
29.3807
28.6961
28.6673
29.1682
29.1046
28.6917
28.4451
29.1957
28.909
28.8551
28.7217
28.6399
28.7748
28.8184
28.9988
29.3647
28.7425
29.1235
28.4813
29.0354
28.7929
28.6137
29.3486
29.123
29.2249
28.8628
29.1172
28.6864
29.0618
28.8367
29.209
29.2935
29.0115
28.8944
28.892
28.5461
28.6136
28.9262
29.1047
28.5779
28.5106
28.9779
29.1571
28.7733
28.7294
28.6126
28.8784
29.1406
29.2527
28.9298
28.8489
29.4431
28.9003
29.1821
28.9089
29.1188
28.4963
29.2073
28.8677
28.7445
28.7455
28.7815
28.5751
28.8976
28.8606
28.5342
28.8995
28.8412
28.7557
29.023
29.2975
28.4954
28.9149
28.4448
28.7204
28.7175
29.1387
29.1616
29.109
28.8788
28.8467
28.6272
28.7026
28.7369
29.1119
29.2208
29.0389
28.908
28.8088
29.0163
29.3571
28.7394
29.0626
28.8407
29.087
28.9242
29.0196
29.0847
28.9081
29.1225
28.802
29.0285
28.857
28.9944
29.1641
28.8504
28.8552
29.275
29.014
29.162
28.936
28.8394
28.7779
28.303
28.8307
28.84
29.2038
28.4717
29.1452
29.1802
28.7603
28.9141
28.8914
28.7144
28.936
28.681
29.101
29.006
28.7503
29.1317
28.9161
28.9709
28.8547
28.8661
28.8468
28.3299
28.9473
29.1686
28.6042
28.5963
28.8209
29.1566
29.0884
29.204
28.9417
28.6438
28.8546
28.4252
28.6534
28.7927
28.6245
29.1302
29.257
28.9593
29.0164
29.309
28.9527
28.6922
29.1335
29.1924
28.8822
28.4482
29.0865
29.2355
28.5391
28.6877
28.6992
28.5495
28.7633
28.774
28.7333
29.2673
29.2318
29.4149
29.2059
28.898
28.8638
29.1261
28.8359
28.656
29.0717
29.1078
28.9413
29.0465
29.2968
28.5726
28.6099
29.4477
29.1881
29.3324
28.9972
29.1338
28.8433
29.1643
29.4768
28.8821
28.8856
29.0023
28.935
29.0022
29.3416
28.5175
28.8439
29.4604
28.9166
28.674
29.1874
29.1788
29.2791
28.8231
28.862
29.0435
28.7881
29.0355
28.9267
28.7303
28.7178
29.1102
28.9058
28.8915
28.7864
28.894
29.2866
29.0295
29.246
29.1126
28.7929
28.6582
28.6578
28.9381
29.2344
28.7071
29.299
28.7748
28.9857
29.0315
28.7518
28.981
28.749
29.1705
28.9717
28.7222
28.9386
29.1728
28.7894
28.844
28.7004
28.9964
28.8857
28.8321
28.4312
28.628
28.6215
29.1271
28.9648
28.8101
28.9757
28.9832
28.853
29.0007
29.0414
28.7423
28.6078
29.1853
28.6957
28.6448
28.9091
28.6127
28.6564
29.0351
28.8147
28.6248
28.9576
29.0167
28.7763
28.8249
28.9324
28.8625
28.326
28.5645
28.8679
29.3143
29.0827
29.0388
28.7648
28.828
29.0278
28.7977
28.6017
28.8077
28.7652
28.7191
28.7257
28.5264
28.9399
28.5783
28.5998
29.2098
28.5047
28.6586
28.2901
28.6998
28.8458
29.0761
29.0132
28.9182
29.1388
29.1148
29.1039
28.8305
29.0651
28.6128
28.8684
28.2689
28.69
28.3218
29.0337
28.8333
28.8076
28.9336
29.0533
29.059
28.451
28.9918
28.7088
28.8848
28.458
28.7088
29.04
28.6628
28.7124
29.1359
28.8219
28.896
28.6363
28.8647
29.1896
29.0166
29.3136
29.2062
29.0549
29.1246
28.7506
28.6314
28.8606
28.8851
28.7244
28.1842
28.1704
29.0447
29.0728
28.718
29.0093
28.9972
29.0175
28.9282
28.8993
28.9061
28.6471
28.7728
28.569
28.5296
28.9306
28.8834
28.4991
28.8287
29.1902
28.5068
28.8628
28.7852
28.642
29.0016
29.0817
28.7081
28.9587
28.8147
29.1418
28.5244
28.8904
28.8219
28.6048
28.6886
28.8234
28.6553
28.6551
28.8298
28.9893
28.6249
29.1066
28.8968
28.7708
28.588
28.5654
28.8754
29.2197
28.5653
28.8201
29.2183
28.8093
28.3824
29.0032
29.0863
29.124
28.9582
28.7089
28.6548
28.7819
29.12
28.5941
28.8485
28.8528
28.6276
28.4512
28.861
28.9814
28.7036
28.9146
29.047
28.8735
28.7592
28.8677
28.9914
28.7759
28.6593
28.7774
28.5885
29.3048
28.7497
28.7249
29.0568
28.7188
28.7378
28.8981
29.46
28.9413
28.7705
28.6356
29.0896
28.8597
28.8766
28.9362
28.5288
28.448
29.2032
29.1036
28.8934
29.2494
29.0052
29.1724
29.2649
28.6409
28.7466
28.6739
29.2411
28.7253
28.8392
28.588
28.7309
28.6228
29.0163
28.8728
28.9431
29.0308
29.0174
29.2237
28.6822
28.7535
29.1752
28.8276
29.0683
28.9386
28.8586
28.6212
29.0554
28.8244
29.0085
28.7594
28.6985
29.0091
28.9991
29.0386
28.4316
28.841
29.0722
28.9176
29.1626
28.7957
28.885
29.0401
29.1425
29.0189
28.9093
28.8139
28.9722
29.1123
29.2435
28.9705
28.4476
29.2719
28.7852
28.8912
28.8658
28.977
28.7642
28.7574
28.8961
28.997
29.002
28.9414
28.5092
29.2799
28.9965
28.6509
28.768
28.9542
28.6892
29.1797
29.3665
29.0446
28.9108
28.9891
29.389
29.0418
28.9799
28.4965
28.3153
28.6593
28.7666
29.0685
29.1441
28.599
28.3542
28.7247
29.0801
28.9287
29.0699
29.41
29.1499
28.8153
28.6794
28.7115
28.7139
28.6056
28.601
28.7313
28.2323
28.9085
28.7538
28.7281
28.7935
28.8472
29.2077
28.9208
28.9398
28.8347
28.8377
28.8398
28.5502
29.1726
28.8974
28.5166
28.8512
28.5998
28.6876
29.0664
29.1158
28.8996
28.9145
28.8402
28.8162
28.7429
28.7155
29.0038
28.7339
28.6198
28.8702
28.8866
28.849
28.9886
28.8162
28.8539
28.8456
28.8451
28.5925
28.4487
28.6641
28.5538
28.8518
28.1535
28.6894
28.5063
28.9681
28.7254
28.2937
28.784
28.699
28.6787
28.6007
28.734
28.7633
28.4659
28.8765
28.5938
28.5477
28.9387
28.7462
28.9697
28.732
28.685
28.5996
28.7575
28.7941
28.9518
28.5452
28.6304
28.694
28.7816
29.3139
28.749
28.7198
29.0056
28.8113
28.9638
28.9224
29.0136
29.0999
28.7691
28.8809
28.5676
28.7147
28.7181
28.57
28.4258
28.9228
28.7417
28.6592
28.6157
28.6907
28.9374
28.7602
28.4387
28.8262
28.5454
29.0434
28.8229
29.1451
29.2271
29.2142
28.6426
28.9331
28.9133
28.4896
28.7748
28.6446
28.6942
28.9349
28.4927
29.3401
29.1821
29.0843
28.333
29.1335
28.8657
29.3801
28.5058
28.8775
28.8888
28.8011
28.9953
28.7435
28.458
28.8687
28.5847
28.7978
28.6939
29.0694
28.4694
28.8225
29.0848
29.0035
28.6859
28.8273
28.942
28.5616
28.6829
28.7862
28.8328
28.7552
29.0836
28.785
28.9048
29.0877
28.6314
28.7369
29.2097
28.8191
28.56
28.8206
28.9393
28.6615
28.9311
29.0069
29.1872
29.0559
29.2541
29.214
28.7699
28.6989
28.9201
28.6173
28.7305
28.7168
28.5769
28.3983
28.7889
28.6555
28.7932
29.1152
29.0171
28.6791
28.9286
28.8846
28.7427
29.0888
28.6401
28.6685
28.7307
28.8544
29.007
28.7749
29.1357
28.9089
28.552
28.97
29.025
28.311
28.7939
29.1591
29.1144
29.0668
29.0061
29.3771
29.0511
29.1181
28.975
28.8648
28.895
29.1402
28.5956
28.7958
28.8656
28.6504
28.5472
28.9229
29.0465
28.7013
28.7323
29.1717
29.0498
29.0271
28.4241
28.9763
28.7999
28.8584
28.8824
28.9915
29.1521
29.18
28.967
28.7737
29.1135
28.7393
29.1721
28.6379
28.4633
28.9724
28.7038
28.4735
28.6856
28.8679
28.8677
28.6062
28.7705
28.9885
28.4607
28.6757
28.3398
28.8648
28.3945
28.6515
28.4714
28.7235
28.6832
28.7259
29.1311
28.5882
28.4388
28.6179
28.9369
28.8486
28.3913
28.8649
28.6776
28.5083
29.1807
28.8479
28.6619
28.7478
28.7278
28.6917
29.1558
28.4319
29.2162
29.1499
28.5314
29.1364
29.1153
28.6688
28.9302
28.6413
28.7187
28.4115
29.1202
28.8527
28.9405
28.6116
28.5272
28.2408
28.8837
28.6753
28.6845
28.7398
28.8406
28.7522
29.232
28.9971
29.1148
28.726
28.7553
29.25
28.6332
29.1382
28.6244
28.9106
29.1981
28.8126
28.5183
28.7275
28.3291
29.3491
28.9502
28.9579
28.6846
29.1893
28.9626
29.154
28.7331
29.0717
28.906
28.5723
28.8821
28.7669
29.2906
28.7425
28.6969
28.6635
28.7096
28.9697
28.995
28.3906
29.0073
28.9688
29.1529
28.9584
29.3509
28.5741
28.5183
29.106
28.8522
28.9727
28.9407
28.9022
28.6339
29.1596
28.843
28.8822
28.7144
28.9358
29.0246
28.8652
28.8642
28.7565
28.5721
28.7155
28.6924
28.6714
28.6889
28.8356
28.4697
28.961
28.9483
29.1883
29.2749
28.914
28.8772
28.9924
28.7367
28.9847
28.8303
28.8182
28.9527
28.9128
29.2013
28.6667
28.9495
28.8203
29.1503
28.9384
28.8086
28.72
28.9906
29.2518
28.4621
28.9082
29.1551
28.9438
28.639
29.0414
28.7114
28.9345
28.672
28.9397
28.6552
28.6929
28.8491
29.245
28.8727
29.2914
28.7007
28.7371
28.6769
28.7991
28.3387
28.6752
28.8133
28.7139
29.1545
28.7936
28.5396
28.7255
28.7267
28.6198
28.7117
28.8569
28.7742
28.9821
28.9947
28.9889
29.1925
28.9793
28.872
28.9797
29.0142
28.7613
28.8401
28.8382
28.7167
29.2245
28.9644
28.4941
29.1311
28.899
29.1635
28.9129
28.9553
28.5506
28.948
28.6022
28.8095
29.3102
28.767
28.7031
28.8189
28.6483
29.0071
29.1112
28.9913
29.0178
28.8126
29.2067
28.938
28.7424
29.1903
28.8875
29.127
28.6779
28.9108
28.8651
29.0237
28.9247
28.5995
28.8894
29.1218
29.128
29.0535
28.8711
29.0313
28.762
29.2027
29.167
29.0512
29.1155
28.8373
28.963
29.0397
29.2094
29.1426
28.8639
28.7519
29.3023
29.08
28.9562
28.6041
28.7692
28.9348
28.9125
28.4605
29.0671
28.7089
28.8597
28.6669
29.041
28.9035
28.9856
28.9837
29.27
28.9794
29.2268
28.8114
28.731
28.5144
28.8122
29.0051
28.7708
29.0495
28.4033
28.6146
29.0917
28.9328
29.0092
29.1353
28.6564
28.8311
29.147
28.6661
28.5825
28.6577
28.9301
28.8722
28.9187
28.7653
28.6984
28.9371
28.9973
29.5971
28.9553
28.8458
29.1995
28.8706
28.6279
28.8022
28.4227
29.2315
29.0827
29.0034
29.3191
28.7197
28.6798
29.084
29.1268
28.852
28.5456
29.0383
29.0355
28.6817
28.8057
28.5534
28.6617
28.9655
28.6804
28.9993
28.7822
28.882
28.8771
29.0614
29.2917
28.9009
28.4952
28.7571
28.8228
28.6119
29.1674
28.8474
29.0339
28.8766
28.7303
28.8518
28.8737
28.7201
28.632
28.6033
28.7793
28.6925
28.4647
28.9702
28.8726
28.7891
28.5948
28.6842
28.8632
28.7581
28.5582
28.9394
28.6376
28.861
28.4765
28.8326
28.7954
28.806
28.9302
28.7169
28.8571
28.9652
29.1108
28.4779
28.872
28.6399
28.7751
28.3213
28.5959
28.339
28.473
27.9493
28.6678
28.9145
28.6798
29.1099
28.8205
28.7382
28.8036
28.5956
28.3408
28.7962
28.4951
28.1328
28.7192
29.24
28.7864
28.8951
28.8877
28.5977
28.5165
28.5337
28.4309
28.6164
28.882
29.0251
28.8488
28.4429
29.0331
28.9519
29.0036
29.1266
28.929
28.7029
28.865
28.9591
28.826
28.3792
29.0464
28.7258
28.8506
29.0234
28.9736
28.6787
29.2597
29.1845
28.8479
29.4005
29.2924
28.6756
28.4346
28.3509
28.7714
29.0145
28.5187
28.5978
28.9522
28.7102
28.5937
28.8525
28.7692
28.5858
28.9319
29.012
28.334
28.6174
28.91
28.7179
28.5345
28.8052
28.8168
28.9189
28.7084
28.7956
28.3937
28.5533
28.4973
28.8921
28.685
28.6982
29.141
28.5599
28.504
28.7312
28.7795
28.7998
28.5358
28.7996
28.8482
28.4152
28.9443
29.056
28.8757
28.8425
28.3344
28.5203
29.0153
28.8343
28.4367
28.6087
28.9942
28.6266
28.2582
28.5214
28.5851
28.855
28.3444
28.3611
28.3626
28.4514
28.8839
28.6104
28.1163
28.9057
28.8715
28.5149
29.0484
28.95
28.4081
28.827
28.5793
28.6139
29.1757
28.151
28.692
29.0716
28.8213
28.7223
29.0184
29.2433
28.7162
28.5424
29.0201
28.6858
28.8643
29.0767
29.2677
28.8089
28.9653
28.5636
28.767
28.7543
28.5271
28.6816
28.107
28.7057
28.5746
28.903
29.1276
28.6783
28.5623
28.6637
28.1873
28.9887
28.7498
28.5549
28.452
28.9614
28.6801
28.7604
28.8418
28.3848
28.739
28.625
28.53
28.8363
28.6085
28.9799
29.0825
28.6011
29.0064
28.8814
28.9241
28.7796
28.6541
28.9593
29.0568
28.7177
28.5835
28.8389
29.0029
28.5036
28.6948
28.7111
28.7277
28.7013
28.2292
29.0717
28.8189
28.549
28.987
28.9022
28.7353
28.6064
28.9394
28.6833
28.5636
28.7708
28.9604
28.728
28.7533
28.4687
28.7964
28.5327
29.049
28.7551
29.0841
28.7056
28.8207
28.7052
28.7845
28.798
28.7865
28.7184
28.6583
28.9616
28.4428
28.6916
28.4636
28.7505
28.2025
28.7414
29.0757
29.2868
28.8912
29.0821
28.5452
28.9176
28.4598
28.9116
29.0175
29.0929
28.8404
28.831
28.63
28.812
28.9681
28.808
29.0547
28.4393
28.5314
28.8607
28.5033
29.0557
28.6778
28.7868
29.0836
28.9749
29.1118
28.6122
28.6676
28.7009
29.1571
29.1375
29.2985
28.5614
28.526
28.5048
28.7165
29.1419
28.9463
29.2711
28.9195
29.0752
29.2715
28.503
28.7014
28.9489
28.7312
28.6522
28.6569
28.7802
28.7706
29.2274
29.1136
29.1569
28.9576
29.0058
28.8363
28.7038
28.9596
28.9087
28.7034
28.8713
28.6728
29.2747
29.1098
29.1542
29.1749
28.7981
28.5706
29.0864
28.828
29.1668
28.7704
28.778
28.6426
29.0874
28.3827
28.5889
28.9209
28.7243
29.1795
28.2961
28.9287
28.5805
28.7897
28.5568
28.7824
28.8315
28.932
28.7846
29.0601
28.7574
28.4939
28.676
29.0918
28.6744
28.7634
28.7397
28.6666
28.9309
28.7706
29.0292
28.7132
29.0464
28.6669
28.7749
28.918
29.0527
28.7177
28.6537
29.0796
28.6385
28.6115
28.6805
28.8783
29.0393
28.8473
29.0428
28.3804
28.671
28.7073
28.5928
28.9285
28.4604
28.7959
29.173
28.8128
29.0864
28.7581
29.0016
28.7735
28.9455
28.938
28.9121
28.7878
28.6033
29.3018
28.7194
28.7394
28.5025
28.9202
28.5888
28.5486
29.0101
28.8013
29.0095
28.6001
29.0551
28.7665
28.9226
28.8891
28.6532